

TREE #  1

  0  0.0000   6535.201981  x:  0.08886   0.01790   0.01740   0.00163   0.01471   0.01326   0.01786   0.00439   0.01518   0.02706   0.03507   0.00695   0.02005   0.00800   0.01315   0.01115   0.01435   0.00619   0.00950   0.00706   0.01872   0.01711   0.00604   0.04857   0.00968   0.00000   0.00565   0.01709   0.01709   0.02389   0.03671   0.01970   0.03312   0.01834   0.05468   0.01809   0.04647   0.00696   0.01370   0.02737   1.10000   0.52316   0.55655   0.53425   0.52086   0.46289  
  1 99.0000   6499.756632  x:  0.08931   0.01742   0.01441   0.00000   0.01192   0.00854   0.01422   0.00141   0.01487   0.02722   0.03504   0.00242   0.01850   0.00464   0.00966   0.00884   0.00998   0.00521   0.00455   0.00245   0.01679   0.01318   0.00328   0.04903   0.00716   0.01244   0.00331   0.01711   0.01852   0.02352   0.03658   0.01826   0.03164   0.02023   0.05517   0.01763   0.04658   0.00790   0.01379   0.02664   1.10010   0.52274   0.55627   0.53420   0.52078   0.46322  
  2 4182.2389   6490.055863  x:  0.08949   0.01718   0.01317   0.00313   0.01073   0.00646   0.01263   0.00037   0.01473   0.02726   0.03500   0.00063   0.01781   0.00328   0.00814   0.00789   0.00801   0.00491   0.00238   0.00065   0.01593   0.01142   0.00238   0.04920   0.00592   0.01554   0.00233   0.01711   0.01907   0.02332   0.03648   0.01758   0.03095   0.02095   0.05533   0.01739   0.04660   0.00817   0.01378   0.02629   1.10015   0.52254   0.55615   0.53417   0.52075   0.46337  
  3 12985.2771   6480.478460  x:  0.08964   0.01684   0.01174   0.00357   0.00937   0.00396   0.01067   0.00068   0.01456   0.02725   0.03492   0.00113   0.01700   0.00223   0.00646   0.00697   0.00569   0.00489   0.00037   0.00227   0.01493   0.00932   0.00253   0.04935   0.00425   0.01578   0.00151   0.01707   0.01952   0.02302   0.03628   0.01669   0.03006   0.02157   0.05539   0.01705   0.04655   0.00821   0.01367   0.02579   1.10021   0.52229   0.55598   0.53414   0.52070   0.46357  
  4 4120.5826   6473.259546  x:  0.08980   0.01642   0.01012   0.00376   0.00787   0.00123   0.00842   0.00100   0.01434   0.02721   0.03480   0.00135   0.01606   0.00139   0.00462   0.00602   0.00312   0.00495   0.00150   0.00287   0.01380   0.00694   0.00272   0.04951   0.00230   0.01565   0.00081   0.01702   0.01999   0.02266   0.03603   0.01565   0.02901   0.02223   0.05545   0.01667   0.04647   0.00823   0.01353   0.02520   1.10029   0.52199   0.55578   0.53410   0.52065   0.46381  
  5 8437.3852   6467.946559  x:  0.08993   0.01582   0.00832   0.00310   0.00650   0.00131   0.00591   0.00124   0.01404   0.02707   0.03456   0.00097   0.01493   0.00255   0.00323   0.00542   0.00129   0.00524   0.00098   0.00147   0.01258   0.00444   0.00284   0.04965   0.00000   0.01423   0.00143   0.01694   0.02035   0.02216   0.03565   0.01438   0.02764   0.02282   0.05541   0.01626   0.04626   0.00816   0.01327   0.02440   1.10039   0.52159   0.55552   0.53404   0.52057   0.46412  
  6 3196.7704   6466.334627  x:  0.09001   0.01540   0.00727   0.00287   0.00585   0.00135   0.00464   0.00120   0.01382   0.02695   0.03438   0.00102   0.01419   0.00231   0.00284   0.00518   0.00233   0.00530   0.00085   0.00098   0.01184   0.00339   0.00271   0.04973   0.00000   0.01364   0.00138   0.01684   0.02057   0.02181   0.03537   0.01356   0.02672   0.02318   0.05537   0.01608   0.04609   0.00817   0.01310   0.02386   1.10046   0.52131   0.55534   0.53401   0.52053   0.46433  
  7 2299.1483   6465.321050  x:  0.09010   0.01483   0.00631   0.00284   0.00562   0.00198   0.00414   0.00095   0.01353   0.02674   0.03409   0.00068   0.01326   0.00193   0.00334   0.00517   0.00218   0.00524   0.00097   0.00134   0.01108   0.00367   0.00228   0.04981   0.00000   0.01345   0.00135   0.01667   0.02077   0.02132   0.03495   0.01255   0.02547   0.02360   0.05528   0.01592   0.04579   0.00825   0.01288   0.02314   1.10055   0.52091   0.55507   0.53395   0.52045   0.46463  
  8 1160.1187   6464.505336  x:  0.09017   0.01417   0.00564   0.00283   0.00562   0.00188   0.00421   0.00095   0.01323   0.02648   0.03374   0.00128   0.01232   0.00186   0.00383   0.00526   0.00200   0.00512   0.00090   0.00095   0.01037   0.00422   0.00214   0.04988   0.00000   0.01341   0.00141   0.01647   0.02096   0.02076   0.03444   0.01151   0.02405   0.02403   0.05516   0.01576   0.04541   0.00834   0.01263   0.02232   1.10067   0.52043   0.55475   0.53389   0.52037   0.46499  
  9 1898.4575   6463.795394  x:  0.09022   0.01352   0.00550   0.00278   0.00579   0.00137   0.00466   0.00131   0.01297   0.02620   0.03336   0.00082   0.01156   0.00220   0.00395   0.00538   0.00218   0.00499   0.00082   0.00094   0.00986   0.00446   0.00235   0.04994   0.00000   0.01341   0.00157   0.01626   0.02109   0.02020   0.03390   0.01061   0.02262   0.02441   0.05500   0.01561   0.04498   0.00841   0.01240   0.02150   1.10080   0.51989   0.55440   0.53382   0.52027   0.46539  
 10 1595.8329   6463.317616  x:  0.09025   0.01292   0.00598   0.00292   0.00602   0.00178   0.00507   0.00137   0.01276   0.02588   0.03296   0.00101   0.01121   0.00228   0.00342   0.00537   0.00222   0.00484   0.00094   0.00112   0.00975   0.00412   0.00257   0.04996   0.00000   0.01378   0.00164   0.01605   0.02116   0.01966   0.03329   0.01008   0.02127   0.02471   0.05479   0.01546   0.04447   0.00846   0.01223   0.02074   1.10096   0.51925   0.55398   0.53374   0.52016   0.46586  
 11 922.8235   6462.929302  x:  0.09020   0.01240   0.00670   0.00274   0.00619   0.00162   0.00501   0.00094   0.01263   0.02544   0.03248   0.00092   0.01142   0.00192   0.00332   0.00537   0.00209   0.00498   0.00084   0.00098   0.01021   0.00397   0.00224   0.04992   0.00000   0.01347   0.00165   0.01584   0.02104   0.01914   0.03251   0.01012   0.02003   0.02482   0.05442   0.01532   0.04375   0.00838   0.01212   0.02005   1.10118   0.51833   0.55337   0.53362   0.51999   0.46653  
 12 595.9764   6462.638994  x:  0.09009   0.01212   0.00679   0.00286   0.00590   0.00157   0.00447   0.00107   0.01262   0.02502   0.03205   0.00099   0.01186   0.00229   0.00362   0.00521   0.00215   0.00508   0.00087   0.00107   0.01068   0.00411   0.00231   0.04981   0.00000   0.01378   0.00153   0.01567   0.02087   0.01875   0.03170   0.01058   0.01919   0.02482   0.05397   0.01518   0.04293   0.00831   0.01211   0.01959   1.10146   0.51715   0.55258   0.53347   0.51978   0.46737  
 13 516.0489   6462.379150  x:  0.08991   0.01210   0.00628   0.00285   0.00568   0.00170   0.00458   0.00140   0.01268   0.02462   0.03166   0.00090   0.01220   0.00190   0.00352   0.00519   0.00210   0.00495   0.00084   0.00094   0.01081   0.00421   0.00263   0.04962   0.00000   0.01388   0.00173   0.01557   0.02063   0.01855   0.03090   0.01111   0.01884   0.02467   0.05339   0.01508   0.04202   0.00824   0.01215   0.01939   1.10183   0.51561   0.55156   0.53326   0.51951   0.46847  
 14 544.0974   6462.025802  x:  0.08958   0.01224   0.00547   0.00288   0.00569   0.00161   0.00500   0.00113   0.01272   0.02414   0.03116   0.00095   0.01243   0.00213   0.00327   0.00530   0.00216   0.00478   0.00086   0.00108   0.01067   0.00406   0.00232   0.04930   0.00000   0.01398   0.00187   0.01548   0.02028   0.01842   0.02990   0.01161   0.01875   0.02435   0.05252   0.01497   0.04074   0.00818   0.01220   0.01933   1.10241   0.51318   0.54995   0.53295   0.51908   0.47019  
 15 990.8822   6461.435302  x:  0.08893   0.01270   0.00557   0.00282   0.00606   0.00173   0.00502   0.00149   0.01273   0.02362   0.03045   0.00090   0.01213   0.00219   0.00342   0.00532   0.00205   0.00476   0.00081   0.00092   0.00994   0.00374   0.00205   0.04864   0.00000   0.01407   0.00111   0.01537   0.01981   0.01847   0.02860   0.01162   0.01921   0.02374   0.05105   0.01487   0.03882   0.00819   0.01220   0.01955   1.10350   0.50855   0.54688   0.53234   0.51826   0.47345  
 16 1020.0566   6460.606742  x:  0.08790   0.01338   0.00624   0.00288   0.00630   0.00161   0.00443   0.00104   0.01259   0.02309   0.02950   0.00092   0.01141   0.00212   0.00365   0.00518   0.00205   0.00485   0.00079   0.00098   0.00901   0.00373   0.00247   0.04761   0.00000   0.01447   0.00179   0.01531   0.01927   0.01867   0.02719   0.01119   0.02007   0.02290   0.04896   0.01479   0.03632   0.00826   0.01211   0.01995   1.10521   0.50133   0.54208   0.53140   0.51698   0.47851  
 17 2538.6494   6459.716619  x:  0.08672   0.01371   0.00662   0.00285   0.00528   0.00170   0.00442   0.00129   0.01232   0.02318   0.02885   0.00091   0.01097   0.00223   0.00290   0.00502   0.00215   0.00480   0.00077   0.00094   0.00970   0.00450   0.00187   0.04644   0.00000   0.01458   0.00199   0.01529   0.01919   0.01885   0.02706   0.01012   0.02062   0.02238   0.04731   0.01479   0.03504   0.00831   0.01179   0.02017   1.10714   0.49307   0.53659   0.53032   0.51551   0.48425  
 18 1401.8761   6458.444033  x:  0.08501   0.01386   0.00631   0.00274   0.00472   0.00185   0.00489   0.00060   0.01194   0.02359   0.02818   0.00079   0.01082   0.00240   0.00315   0.00511   0.00213   0.00487   0.00070   0.00080   0.01115   0.00435   0.00266   0.04473   0.00000   0.01467   0.00140   0.01525   0.01933   0.01898   0.02764   0.00889   0.02098   0.02197   0.04544   0.01481   0.03420   0.00834   0.01135   0.02023   1.11006   0.48059   0.52830   0.52869   0.51330   0.49288  
 19 3337.3579   6456.138229  x:  0.08188   0.01379   0.00564   0.00287   0.00584   0.00196   0.00498   0.00139   0.01153   0.02452   0.02734   0.00089   0.01100   0.00229   0.00426   0.00544   0.00211   0.00507   0.00071   0.00080   0.01303   0.00313   0.00207   0.04160   0.00000   0.01538   0.00235   0.01525   0.01979   0.01904   0.02937   0.00794   0.02104   0.02170   0.04277   0.01489   0.03386   0.00835   0.01079   0.02004   1.11565   0.45656   0.51233   0.52557   0.50903   0.50942  
 20 5915.7528   6451.561909  x:  0.07642   0.01324   0.00534   0.00264   0.00849   0.00234   0.00388   0.00098   0.01165   0.02587   0.02668   0.00066   0.01160   0.00292   0.00290   0.00562   0.00236   0.00489   0.00058   0.00045   0.01219   0.00481   0.00238   0.03614   0.00000   0.01560   0.00206   0.01519   0.02061   0.01866   0.03266   0.00987   0.02016   0.02211   0.03992   0.01494   0.03541   0.00826   0.01089   0.01926   1.12675   0.40866   0.48048   0.51933   0.50052   0.54224  
 21 6381.8915   6447.646506  x:  0.07304   0.01306   0.00689   0.00245   0.00605   0.00274   0.00557   0.00063   0.01241   0.02605   0.02706   0.00064   0.01187   0.00324   0.00427   0.00546   0.00250   0.00512   0.00052   0.00025   0.00973   0.00425   0.00191   0.03276   0.00000   0.01569   0.00255   0.01513   0.02060   0.01829   0.03419   0.01213   0.01927   0.02257   0.03991   0.01501   0.03751   0.00810   0.01177   0.01885   1.13617   0.36773   0.45324   0.51399   0.49324   0.57013  
 22 7298.7527   6442.872224  x:  0.07374   0.01414   0.00728   0.00248   0.00603   0.00296   0.00471   0.00069   0.01302   0.02321   0.02986   0.00061   0.01186   0.00355   0.00416   0.00997   0.00252   0.00470   0.00047   0.00014   0.01102   0.00435   0.00201   0.03346   0.00000   0.01636   0.00297   0.01474   0.01781   0.01838   0.03133   0.01085   0.01949   0.02174   0.04649   0.01547   0.04029   0.00785   0.01239   0.01993   1.14836   0.31381   0.41721   0.50689   0.48354   0.60640  
 23 3029.1554   6440.917815  x:  0.07539   0.01396   0.00680   0.00243   0.00693   0.00316   0.00531   0.00072   0.01264   0.02287   0.03054   0.00056   0.01193   0.00361   0.00399   0.00771   0.00268   0.00672   0.00046   0.00007   0.01162   0.00471   0.00203   0.03511   0.00000   0.01640   0.00311   0.01510   0.01766   0.01873   0.03006   0.01051   0.02011   0.02131   0.04904   0.01539   0.04075   0.00785   0.01191   0.02024   1.15296   0.29309   0.40328   0.50410   0.47975   0.62022  
 24 3159.6418   6437.744054  x:  0.07914   0.01188   0.00666   0.00257   0.00666   0.00318   0.00559   0.00091   0.01199   0.02506   0.02999   0.00062   0.01105   0.00344   0.00356   0.00913   0.00272   0.00968   0.00050   0.00019   0.01158   0.00484   0.00214   0.03885   0.00000   0.01668   0.00301   0.01636   0.01899   0.01923   0.02997   0.01203   0.02134   0.01990   0.05090   0.01472   0.04040   0.00762   0.01053   0.01988   1.16180   0.25259   0.37584   0.49853   0.47221   0.64716  
 25 2429.8693   6433.037258  x:  0.08445   0.01115   0.00705   0.00239   0.00704   0.00300   0.00541   0.00076   0.01225   0.02743   0.02948   0.00062   0.01154   0.00354   0.00437   0.00691   0.00268   0.00492   0.00054   0.00016   0.01199   0.00460   0.00207   0.04417   0.00000   0.01559   0.00304   0.01688   0.02081   0.01968   0.03066   0.01233   0.02223   0.01984   0.05209   0.01484   0.03946   0.00856   0.01133   0.01980   1.17246   0.20314   0.34206   0.49157   0.46284   0.67999  
 26 4956.0628   6431.525733  x:  0.08561   0.01375   0.00686   0.00241   0.00724   0.00297   0.00555   0.00077   0.01320   0.02661   0.03016   0.00063   0.01317   0.00344   0.00418   0.00625   0.00271   0.00601   0.00057   0.00021   0.01149   0.00480   0.00212   0.04533   0.00000   0.01543   0.00307   0.01555   0.02028   0.01933   0.03180   0.01084   0.02123   0.02186   0.05114   0.01568   0.03952   0.00859   0.01264   0.02029   1.17620   0.18542   0.32948   0.48884   0.45922   0.69197  
 27 1744.3681   6431.245924  x:  0.08525   0.01414   0.00684   0.00241   0.00729   0.00294   0.00559   0.00079   0.01259   0.02523   0.03063   0.00063   0.01243   0.00341   0.00422   0.00573   0.00270   0.00575   0.00057   0.00022   0.01178   0.00474   0.00211   0.04497   0.00000   0.01539   0.00303   0.01546   0.01971   0.01948   0.03186   0.01130   0.02107   0.02264   0.05076   0.01569   0.04019   0.00820   0.01168   0.02072   1.17674   0.18262   0.32686   0.48812   0.45832   0.69423  
 28 343.4294   6431.153469  x:  0.08468   0.01348   0.00679   0.00241   0.00731   0.00292   0.00559   0.00081   0.01249   0.02441   0.03079   0.00063   0.01260   0.00339   0.00420   0.00554   0.00269   0.00578   0.00057   0.00023   0.01179   0.00474   0.00212   0.04440   0.00000   0.01536   0.00301   0.01577   0.01977   0.01971   0.03141   0.01104   0.02128   0.02260   0.05067   0.01559   0.04078   0.00876   0.01200   0.02081   1.17672   0.18222   0.32540   0.48753   0.45762   0.69515  
 29 115.0412   6431.075539  x:  0.08410   0.01335   0.00678   0.00242   0.00736   0.00291   0.00558   0.00078   0.01277   0.02450   0.03109   0.00063   0.01283   0.00338   0.00421   0.00533   0.00270   0.00566   0.00058   0.00023   0.01172   0.00476   0.00212   0.04382   0.00000   0.01539   0.00303   0.01571   0.02009   0.01968   0.03074   0.01072   0.02146   0.02238   0.05093   0.01549   0.04109   0.00805   0.01192   0.02061   1.17641   0.18269   0.32340   0.48653   0.45649   0.69614  
 30 96.5915   6430.877151  x:  0.08316   0.01406   0.00674   0.00241   0.00740   0.00289   0.00560   0.00077   0.01236   0.02553   0.03161   0.00063   0.01259   0.00336   0.00420   0.00514   0.00268   0.00567   0.00058   0.00024   0.01191   0.00473   0.00212   0.04288   0.00000   0.01529   0.00307   0.01522   0.02049   0.01934   0.02967   0.01092   0.02140   0.02235   0.05188   0.01582   0.04107   0.00880   0.01185   0.02037   1.17513   0.18509   0.31707   0.48320   0.45272   0.69897  
 31 189.9821   6430.026484  x:  0.08272   0.01393   0.00675   0.00240   0.00752   0.00289   0.00565   0.00076   0.01265   0.02581   0.03067   0.00064   0.01272   0.00336   0.00424   0.00500   0.00271   0.00565   0.00059   0.00024   0.01196   0.00479   0.00213   0.04244   0.00000   0.01514   0.00302   0.01661   0.01989   0.02003   0.03090   0.01084   0.02080   0.02396   0.05459   0.01525   0.03895   0.00860   0.01211   0.02166   1.16855   0.19752   0.28806   0.46753   0.43504   0.71146  
 32 402.6480   6429.484520  x:  0.08409   0.01374   0.00679   0.00240   0.00740   0.00289   0.00562   0.00080   0.01248   0.02440   0.03040   0.00063   0.01314   0.00337   0.00424   0.00508   0.00268   0.00558   0.00059   0.00024   0.01161   0.00476   0.00213   0.04381   0.00000   0.01519   0.00304   0.01502   0.02030   0.01972   0.03203   0.01091   0.02168   0.02295   0.05382   0.01593   0.03958   0.00871   0.01159   0.02061   1.16392   0.20562   0.26953   0.45720   0.42340   0.71940  
 33 766.6200   6429.314698  x:  0.08494   0.01405   0.00680   0.00240   0.00745   0.00291   0.00565   0.00079   0.01265   0.02457   0.03089   0.00064   0.01249   0.00337   0.00425   0.00512   0.00270   0.00568   0.00059   0.00024   0.01195   0.00477   0.00213   0.04466   0.00000   0.01523   0.00304   0.01546   0.02032   0.01958   0.03163   0.01110   0.02140   0.02260   0.05235   0.01562   0.04064   0.00845   0.01238   0.02062   1.16212   0.20810   0.26380   0.45370   0.41949   0.72191  
 34 393.9540   6429.269048  x:  0.08525   0.01400   0.00684   0.00240   0.00741   0.00291   0.00564   0.00078   0.01262   0.02492   0.03114   0.00064   0.01286   0.00338   0.00427   0.00524   0.00270   0.00562   0.00059   0.00024   0.01179   0.00478   0.00213   0.04497   0.00000   0.01523   0.00305   0.01570   0.02018   0.01968   0.03124   0.01100   0.02125   0.02279   0.05173   0.01563   0.04105   0.00857   0.01196   0.02090   1.16140   0.20865   0.26242   0.45262   0.41831   0.72257  
 35 165.3802   6429.248747  x:  0.08530   0.01360   0.00683   0.00240   0.00741   0.00291   0.00564   0.00078   0.01269   0.02513   0.03124   0.00064   0.01276   0.00338   0.00426   0.00524   0.00270   0.00565   0.00059   0.00024   0.01184   0.00477   0.00213   0.04502   0.00000   0.01523   0.00305   0.01540   0.01998   0.01979   0.03109   0.01104   0.02137   0.02309   0.05158   0.01590   0.04108   0.00849   0.01207   0.02104   1.16046   0.20857   0.26225   0.45177   0.41744   0.72285  
 36 41.1154   6428.802072  x:  0.08521   0.01309   0.00696   0.00238   0.00739   0.00293   0.00566   0.00076   0.01205   0.02498   0.03397   0.00063   0.01298   0.00341   0.00429   0.00558   0.00272   0.00568   0.00060   0.00023   0.01184   0.00480   0.00214   0.04493   0.00000   0.01517   0.00307   0.01573   0.02041   0.01994   0.03139   0.01114   0.02212   0.02407   0.05138   0.01532   0.03970   0.00841   0.01233   0.01986   1.13255   0.20266   0.26386   0.42888   0.39441   0.72865  
 37 86.2238   6428.301622  x:  0.08482   0.01282   0.00688   0.00238   0.00743   0.00292   0.00564   0.00069   0.01362   0.02493   0.03430   0.00064   0.01253   0.00340   0.00425   0.00536   0.00270   0.00573   0.00059   0.00023   0.01193   0.00478   0.00214   0.04454   0.00000   0.01518   0.00307   0.01575   0.02023   0.01948   0.03179   0.01120   0.02136   0.02276   0.05162   0.01563   0.03957   0.00896   0.01160   0.02058   1.10085   0.19587   0.26581   0.40317   0.36857   0.73517  
 38 1519.2514   6428.042167  x:  0.08463   0.01311   0.00685   0.00239   0.00739   0.00291   0.00563   0.00075   0.01239   0.02512   0.03277   0.00064   0.01282   0.00340   0.00426   0.00534   0.00269   0.00567   0.00059   0.00023   0.01170   0.00477   0.00214   0.04435   0.00000   0.01525   0.00307   0.01557   0.02002   0.01949   0.03164   0.01110   0.02098   0.02217   0.05195   0.01580   0.04031   0.00843   0.01208   0.02118   1.08454   0.19238   0.26676   0.39026   0.35560   0.73848  
 39 1260.2179   6427.966201  x:  0.08461   0.01358   0.00686   0.00238   0.00739   0.00291   0.00563   0.00075   0.01268   0.02512   0.03155   0.00064   0.01273   0.00341   0.00426   0.00543   0.00270   0.00570   0.00060   0.00023   0.01182   0.00478   0.00214   0.04434   0.00000   0.01522   0.00309   0.01563   0.02009   0.01971   0.03125   0.01111   0.02141   0.02280   0.05207   0.01557   0.04087   0.00853   0.01199   0.02068   1.07932   0.19131   0.26692   0.38656   0.35190   0.73950  
 40 347.5603   6427.895567  x:  0.08453   0.01357   0.00685   0.00238   0.00737   0.00291   0.00562   0.00076   0.01264   0.02507   0.03142   0.00064   0.01273   0.00341   0.00425   0.00543   0.00269   0.00571   0.00059   0.00023   0.01182   0.00477   0.00214   0.04425   0.00000   0.01522   0.00306   0.01634   0.01997   0.01887   0.03123   0.01108   0.02174   0.02295   0.05208   0.01636   0.04087   0.00840   0.01198   0.02052   1.07046   0.19018   0.26513   0.38571   0.35124   0.74083  
 41 32.7931   6426.704930  x:  0.08329   0.01319   0.00686   0.00237   0.00732   0.00291   0.00560   0.00074   0.01263   0.02526   0.03147   0.00066   0.01259   0.00339   0.00423   0.00568   0.00271   0.00580   0.00060   0.00022   0.01180   0.00476   0.00214   0.04303   0.00000   0.01523   0.00310   0.01558   0.02004   0.01867   0.03121   0.01116   0.02171   0.02266   0.05222   0.01511   0.04054   0.00852   0.01185   0.02093   0.92846   0.17242   0.23552   0.37474   0.34339   0.76215  
 42 574.3597   6426.661773  x:  0.08324   0.01330   0.00684   0.00237   0.00731   0.00291   0.00559   0.00074   0.01265   0.02524   0.03151   0.00066   0.01256   0.00340   0.00422   0.00568   0.00270   0.00581   0.00060   0.00022   0.01178   0.00475   0.00214   0.04297   0.00000   0.01523   0.00307   0.01580   0.02003   0.01944   0.03120   0.01118   0.02142   0.02248   0.05223   0.01564   0.04050   0.00846   0.01185   0.02056   0.92290   0.17176   0.23441   0.37433   0.34310   0.76310  
 43 389.5793   6426.646004  x:  0.08326   0.01328   0.00683   0.00237   0.00732   0.00290   0.00559   0.00074   0.01264   0.02539   0.03155   0.00066   0.01259   0.00339   0.00422   0.00558   0.00270   0.00578   0.00060   0.00022   0.01175   0.00475   0.00214   0.04300   0.00000   0.01524   0.00306   0.01582   0.01950   0.01943   0.03130   0.01114   0.02148   0.02237   0.05227   0.01551   0.04058   0.00851   0.01186   0.02029   0.92125   0.17231   0.23512   0.37445   0.34323   0.76560  
 44 11.2970   6426.478830  x:  0.08397   0.01340   0.00688   0.00236   0.00738   0.00290   0.00563   0.00076   0.01270   0.02523   0.03179   0.00067   0.01272   0.00340   0.00426   0.00549   0.00271   0.00573   0.00061   0.00023   0.01181   0.00478   0.00215   0.04372   0.00000   0.01510   0.00309   0.01581   0.02008   0.01950   0.03136   0.01121   0.02156   0.02271   0.05274   0.01573   0.04095   0.00853   0.01195   0.02070   0.90371   0.17877   0.24346   0.37583   0.34478   0.79377  
 45 179.7948   6419.713824  x:  0.08233   0.01310   0.00619   0.00145   0.00575   0.00137   0.00474   0.00125   0.01261   0.02479   0.03040   0.00116   0.01148   0.00171   0.00332   0.00561   0.00226   0.00514   0.00133   0.00020   0.01012   0.00404   0.00259   0.04275   0.00000   0.00802   0.00181   0.01493   0.02001   0.01892   0.03155   0.01083   0.01977   0.02295   0.04959   0.01539   0.04065   0.00840   0.01187   0.01980   0.90807   0.18458   0.25025   0.33404   0.39979   0.75615  
 46  0.1490   6419.696775  x:  0.08233   0.01309   0.00619   0.00145   0.00574   0.00136   0.00473   0.00125   0.01261   0.02479   0.03040   0.00116   0.01147   0.00170   0.00332   0.00561   0.00226   0.00514   0.00134   0.00020   0.01011   0.00403   0.00259   0.04275   0.00031   0.00799   0.00180   0.01492   0.02001   0.01891   0.03155   0.01082   0.01977   0.02295   0.04957   0.01539   0.04065   0.00839   0.01187   0.01980   0.90809   0.18460   0.25028   0.33395   0.39993   0.75599  
 47 123.1012   6418.313784  x:  0.08178   0.01303   0.00604   0.00125   0.00540   0.00104   0.00454   0.00136   0.01260   0.02468   0.03012   0.00126   0.01119   0.00132   0.00310   0.00561   0.00217   0.00506   0.00149   0.00019   0.00976   0.00388   0.00269   0.04235   0.00076   0.00643   0.00151   0.01478   0.01996   0.01867   0.03157   0.01072   0.01943   0.02293   0.04884   0.01526   0.04048   0.00840   0.01187   0.01955   0.90748   0.18523   0.25335   0.37803   0.36101   0.74512  
 48 33.5914   6414.721900  x:  0.08265   0.01319   0.00627   0.00069   0.00565   0.00123   0.00478   0.00128   0.01262   0.02421   0.02998   0.00122   0.01141   0.00148   0.00332   0.00561   0.00238   0.00477   0.00158   0.00022   0.00999   0.00411   0.00266   0.04340   0.00000   0.00390   0.00164   0.01455   0.01957   0.01865   0.03098   0.01076   0.01941   0.02270   0.04858   0.01543   0.03973   0.00846   0.01193   0.01965   0.89108   0.18672   0.25395   0.37875   0.35644   0.69332  
 49  0.4883   6414.721900  x:  0.08265   0.01319   0.00627   0.00069   0.00565   0.00123   0.00478   0.00128   0.01262   0.02421   0.02998   0.00122   0.01141   0.00148   0.00332   0.00561   0.00238   0.00477   0.00158   0.00022   0.00999   0.00411   0.00266   0.04340   0.00000   0.00390   0.00164   0.01455   0.01957   0.01865   0.03098   0.01076   0.01941   0.02270   0.04858   0.01543   0.03973   0.00846   0.01193   0.01965   0.89108   0.18672   0.25395   0.37875   0.35644   0.69332  
 50  0.1401   6412.303431  x:  0.08266   0.01319   0.00629   0.00090   0.00569   0.00139   0.00481   0.00131   0.01262   0.02421   0.02998   0.00123   0.01143   0.00161   0.00337   0.00562   0.00244   0.00479   0.00155   0.00174   0.01002   0.00414   0.00266   0.04340   0.00001   0.00380   0.00172   0.01455   0.01956   0.01865   0.03097   0.01077   0.01942   0.02268   0.04858   0.01543   0.03972   0.00846   0.01193   0.01966   0.89108   0.18672   0.25395   0.37875   0.35644   0.69332  
 51 10801.4968   6410.343082  x:  0.08269   0.01318   0.00657   0.00197   0.00611   0.00260   0.00515   0.00153   0.01261   0.02419   0.03000   0.00127   0.01160   0.00277   0.00390   0.00577   0.00310   0.00502   0.00118   0.00159   0.01026   0.00450   0.00274   0.04344   0.00025   0.00261   0.00253   0.01459   0.01944   0.01868   0.03094   0.01093   0.01952   0.02253   0.04864   0.01549   0.03969   0.00838   0.01188   0.01970   0.89108   0.18672   0.25395   0.37875   0.35643   0.69331  
 52 1702.7716   6409.438890  x:  0.08276   0.01318   0.00682   0.00137   0.00652   0.00243   0.00546   0.00160   0.01260   0.02416   0.03003   0.00124   0.01184   0.00296   0.00423   0.00591   0.00335   0.00516   0.00143   0.00163   0.01056   0.00479   0.00278   0.04351   0.00045   0.00106   0.00294   0.01461   0.01929   0.01872   0.03089   0.01114   0.01967   0.02234   0.04875   0.01554   0.03965   0.00832   0.01184   0.01977   0.89108   0.18673   0.25395   0.37875   0.35643   0.69330  
 53 977.1945   6409.368465  x:  0.08282   0.01319   0.00691   0.00144   0.00664   0.00229   0.00552   0.00156   0.01259   0.02415   0.03006   0.00125   0.01197   0.00283   0.00424   0.00595   0.00328   0.00516   0.00117   0.00163   0.01070   0.00483   0.00278   0.04356   0.00052   0.00096   0.00297   0.01461   0.01921   0.01875   0.03086   0.01127   0.01976   0.02222   0.04883   0.01557   0.03962   0.00833   0.01182   0.01982   0.89107   0.18674   0.25395   0.37876   0.35642   0.69328  
 54 291.5384   6409.291650  x:  0.08296   0.01320   0.00711   0.00159   0.00687   0.00223   0.00564   0.00151   0.01258   0.02412   0.03013   0.00125   0.01227   0.00268   0.00427   0.00602   0.00320   0.00518   0.00134   0.00163   0.01101   0.00489   0.00277   0.04370   0.00064   0.00108   0.00303   0.01461   0.01898   0.01882   0.03080   0.01158   0.01997   0.02194   0.04906   0.01563   0.03953   0.00835   0.01178   0.01995   0.89106   0.18676   0.25395   0.37876   0.35641   0.69325  
 55 299.0023   6409.252359  x:  0.08310   0.01322   0.00719   0.00142   0.00690   0.00239   0.00561   0.00150   0.01258   0.02410   0.03020   0.00124   0.01246   0.00273   0.00424   0.00603   0.00321   0.00519   0.00127   0.00163   0.01118   0.00486   0.00277   0.04385   0.00058   0.00118   0.00295   0.01461   0.01881   0.01889   0.03075   0.01178   0.02014   0.02170   0.04930   0.01565   0.03945   0.00837   0.01176   0.02006   0.89105   0.18678   0.25395   0.37877   0.35640   0.69322  
 56 218.7241   6409.226312  x:  0.08329   0.01323   0.00716   0.00149   0.00678   0.00236   0.00552   0.00149   0.01259   0.02410   0.03029   0.00126   0.01255   0.00279   0.00418   0.00599   0.00324   0.00518   0.00130   0.00163   0.01123   0.00479   0.00278   0.04403   0.00044   0.00108   0.00282   0.01461   0.01867   0.01895   0.03071   0.01190   0.02030   0.02148   0.04957   0.01566   0.03937   0.00839   0.01176   0.02017   0.89104   0.18680   0.25396   0.37878   0.35639   0.69317  
 57 165.6622   6409.206149  x:  0.08357   0.01324   0.00705   0.00148   0.00664   0.00228   0.00550   0.00155   0.01261   0.02410   0.03041   0.00120   0.01249   0.00282   0.00422   0.00595   0.00329   0.00518   0.00129   0.00163   0.01113   0.00481   0.00277   0.04431   0.00049   0.00112   0.00295   0.01463   0.01857   0.01902   0.03068   0.01189   0.02043   0.02128   0.04994   0.01573   0.03928   0.00842   0.01177   0.02027   0.89101   0.18684   0.25396   0.37880   0.35636   0.69310  
 58 108.7821   6409.196463  x:  0.08375   0.01323   0.00701   0.00148   0.00664   0.00232   0.00552   0.00155   0.01262   0.02411   0.03048   0.00131   0.01243   0.00278   0.00424   0.00596   0.00325   0.00517   0.00130   0.00163   0.01105   0.00484   0.00278   0.04450   0.00051   0.00111   0.00297   0.01464   0.01855   0.01905   0.03067   0.01184   0.02048   0.02121   0.05017   0.01577   0.03923   0.00842   0.01178   0.02030   0.89100   0.18687   0.25396   0.37881   0.35634   0.69304  
 59 144.8960   6409.187243  x:  0.08397   0.01321   0.00700   0.00149   0.00671   0.00239   0.00557   0.00153   0.01263   0.02412   0.03054   0.00124   0.01236   0.00272   0.00424   0.00598   0.00321   0.00517   0.00130   0.00163   0.01098   0.00486   0.00278   0.04471   0.00048   0.00108   0.00293   0.01465   0.01857   0.01907   0.03066   0.01176   0.02050   0.02118   0.05042   0.01579   0.03918   0.00842   0.01179   0.02032   0.89098   0.18690   0.25396   0.37882   0.35632   0.69297  
 60 148.6186   6409.178256  x:  0.08424   0.01318   0.00707   0.00148   0.00683   0.00232   0.00560   0.00153   0.01263   0.02414   0.03060   0.00126   0.01232   0.00280   0.00424   0.00602   0.00326   0.00519   0.00130   0.00163   0.01098   0.00485   0.00279   0.04498   0.00043   0.00112   0.00289   0.01466   0.01864   0.01907   0.03068   0.01168   0.02047   0.02124   0.05067   0.01580   0.03914   0.00842   0.01180   0.02030   0.89095   0.18695   0.25396   0.37884   0.35629   0.69288  
 61 101.3029   6409.170457  x:  0.08454   0.01313   0.00715   0.00148   0.00679   0.00234   0.00552   0.00153   0.01263   0.02417   0.03064   0.00126   0.01237   0.00277   0.00420   0.00599   0.00326   0.00518   0.00130   0.00163   0.01108   0.00481   0.00278   0.04529   0.00046   0.00110   0.00295   0.01467   0.01876   0.01903   0.03072   0.01168   0.02038   0.02142   0.05089   0.01581   0.03915   0.00842   0.01180   0.02024   0.89090   0.18701   0.25396   0.37887   0.35624   0.69273  
 62 66.4291   6409.167727  x:  0.08467   0.01313   0.00711   0.00148   0.00674   0.00234   0.00556   0.00151   0.01263   0.02419   0.03065   0.00126   0.01241   0.00278   0.00425   0.00599   0.00324   0.00520   0.00130   0.00163   0.01112   0.00486   0.00280   0.04542   0.00044   0.00110   0.00293   0.01467   0.01880   0.01902   0.03075   0.01173   0.02035   0.02150   0.05093   0.01581   0.03919   0.00843   0.01181   0.02023   0.89088   0.18705   0.25396   0.37889   0.35621   0.69264  
 63 42.7066   6409.166373  x:  0.08475   0.01314   0.00707   0.00148   0.00674   0.00234   0.00558   0.00156   0.01264   0.02420   0.03065   0.00126   0.01243   0.00277   0.00424   0.00600   0.00326   0.00519   0.00130   0.00163   0.01111   0.00485   0.00276   0.04550   0.00044   0.00110   0.00292   0.01467   0.01880   0.01902   0.03077   0.01177   0.02035   0.02154   0.05090   0.01581   0.03923   0.00844   0.01181   0.02023   0.89085   0.18708   0.25396   0.37890   0.35618   0.69256  
 64 28.0799   6409.164652  x:  0.08486   0.01316   0.00703   0.00148   0.00678   0.00234   0.00557   0.00154   0.01265   0.02421   0.03063   0.00126   0.01244   0.00278   0.00422   0.00601   0.00326   0.00518   0.00130   0.00163   0.01107   0.00482   0.00280   0.04561   0.00045   0.00110   0.00293   0.01467   0.01878   0.01902   0.03081   0.01182   0.02036   0.02156   0.05082   0.01581   0.03931   0.00845   0.01182   0.02025   0.89080   0.18714   0.25395   0.37893   0.35613   0.69239  
 65 36.6183   6409.162764  x:  0.08499   0.01318   0.00707   0.00148   0.00679   0.00233   0.00554   0.00152   0.01265   0.02422   0.03061   0.00126   0.01243   0.00279   0.00424   0.00600   0.00324   0.00520   0.00130   0.00163   0.01105   0.00485   0.00277   0.04573   0.00043   0.00110   0.00293   0.01468   0.01875   0.01904   0.03085   0.01182   0.02039   0.02155   0.05069   0.01581   0.03941   0.00844   0.01182   0.02027   0.89073   0.18723   0.25395   0.37896   0.35605   0.69215  
 66 40.1017   6409.161416  x:  0.08506   0.01319   0.00712   0.00149   0.00676   0.00234   0.00556   0.00155   0.01265   0.02422   0.03060   0.00126   0.01241   0.00277   0.00425   0.00600   0.00326   0.00520   0.00130   0.00163   0.01106   0.00486   0.00280   0.04581   0.00043   0.00110   0.00292   0.01468   0.01874   0.01905   0.03087   0.01179   0.02040   0.02153   0.05061   0.01582   0.03947   0.00843   0.01182   0.02029   0.89067   0.18730   0.25394   0.37899   0.35599   0.69195  
 67 48.7539   6409.160068  x:  0.08511   0.01318   0.00711   0.00148   0.00674   0.00234   0.00560   0.00152   0.01264   0.02422   0.03060   0.00126   0.01240   0.00278   0.00422   0.00601   0.00326   0.00519   0.00130   0.00163   0.01111   0.00483   0.00278   0.04586   0.00044   0.00110   0.00292   0.01468   0.01874   0.01906   0.03086   0.01174   0.02041   0.02148   0.05054   0.01583   0.03948   0.00842   0.01182   0.02029   0.89060   0.18739   0.25393   0.37904   0.35591   0.69167  
 68 38.5334   6409.156594  x:  0.08517   0.01312   0.00703   0.00148   0.00677   0.00233   0.00555   0.00158   0.01263   0.02420   0.03060   0.00126   0.01241   0.00279   0.00422   0.00602   0.00321   0.00520   0.00130   0.00163   0.01118   0.00484   0.00280   0.04592   0.00040   0.00111   0.00294   0.01469   0.01879   0.01906   0.03080   0.01168   0.02041   0.02140   0.05042   0.01585   0.03945   0.00842   0.01180   0.02026   0.89037   0.18766   0.25391   0.37915   0.35566   0.69088  
 69 53.6060   6409.150560  x:  0.08522   0.01305   0.00698   0.00149   0.00681   0.00234   0.00550   0.00154   0.01261   0.02417   0.03062   0.00126   0.01242   0.00274   0.00425   0.00599   0.00331   0.00521   0.00130   0.00163   0.01118   0.00487   0.00278   0.04597   0.00040   0.00111   0.00291   0.01469   0.01886   0.01904   0.03070   0.01169   0.02039   0.02133   0.05030   0.01589   0.03935   0.00844   0.01180   0.02021   0.88995   0.18814   0.25387   0.37937   0.35521   0.68942  
 70 147.3012   6409.132047  x:  0.08530   0.01292   0.00710   0.00148   0.00676   0.00234   0.00556   0.00155   0.01262   0.02410   0.03070   0.00126   0.01244   0.00280   0.00423   0.00593   0.00323   0.00518   0.00130   0.00163   0.01098   0.00484   0.00279   0.04605   0.00044   0.00109   0.00288   0.01466   0.01895   0.01896   0.03044   0.01185   0.02033   0.02126   0.05007   0.01593   0.03902   0.00848   0.01180   0.02010   0.88866   0.18962   0.25375   0.38003   0.35382   0.68488  
 71 352.8756   6409.117989  x:  0.08528   0.01295   0.00714   0.00148   0.00672   0.00233   0.00560   0.00151   0.01263   0.02409   0.03075   0.00126   0.01242   0.00275   0.00424   0.00605   0.00326   0.00516   0.00130   0.00163   0.01096   0.00482   0.00278   0.04602   0.00028   0.00110   0.00301   0.01464   0.01886   0.01894   0.03040   0.01188   0.02031   0.02134   0.05004   0.01586   0.03887   0.00843   0.01180   0.02012   0.88768   0.19071   0.25366   0.38052   0.35277   0.68141  
 72 367.5966   6409.088468  x:  0.08515   0.01316   0.00707   0.00148   0.00673   0.00234   0.00551   0.00153   0.01265   0.02414   0.03082   0.00126   0.01234   0.00278   0.00424   0.00610   0.00324   0.00520   0.00130   0.00163   0.01110   0.00484   0.00279   0.04590   0.00045   0.00109   0.00289   0.01458   0.01857   0.01896   0.03053   0.01176   0.02031   0.02162   0.05020   0.01575   0.03874   0.00837   0.01179   0.02027   0.88559   0.19299   0.25346   0.38157   0.35055   0.67403  
 73 608.1915   6409.077982  x:  0.08506   0.01317   0.00705   0.00148   0.00679   0.00233   0.00558   0.00154   0.01263   0.02417   0.03077   0.00126   0.01237   0.00277   0.00421   0.00588   0.00325   0.00519   0.00130   0.00163   0.01112   0.00484   0.00279   0.04581   0.00040   0.00109   0.00293   0.01463   0.01857   0.01900   0.03067   0.01172   0.02034   0.02163   0.05036   0.01575   0.03886   0.00842   0.01180   0.02030   0.88484   0.19374   0.25339   0.38193   0.34977   0.67140  
 74 328.4923   6409.066592  x:  0.08493   0.01310   0.00708   0.00148   0.00676   0.00234   0.00556   0.00154   0.01261   0.02421   0.03063   0.00126   0.01244   0.00277   0.00426   0.00600   0.00325   0.00519   0.00130   0.00163   0.01106   0.00483   0.00279   0.04568   0.00040   0.00109   0.00290   0.01472   0.01875   0.01905   0.03089   0.01173   0.02039   0.02150   0.05062   0.01583   0.03919   0.00851   0.01180   0.02027   0.88403   0.19447   0.25331   0.38230   0.34894   0.66848  
 75 240.3679   6409.064821  x:  0.08491   0.01310   0.00708   0.00148   0.00675   0.00234   0.00555   0.00153   0.01264   0.02420   0.03062   0.00126   0.01241   0.00278   0.00421   0.00600   0.00325   0.00519   0.00130   0.00163   0.01107   0.00487   0.00279   0.04566   0.00040   0.00109   0.00290   0.01469   0.01878   0.01903   0.03087   0.01177   0.02038   0.02147   0.05067   0.01585   0.03929   0.00841   0.01180   0.02024   0.88389   0.19451   0.25330   0.38235   0.34882   0.66799  
 76 50.2431   6409.063735  x:  0.08491   0.01311   0.00707   0.00148   0.00676   0.00234   0.00556   0.00153   0.01266   0.02419   0.03062   0.00126   0.01239   0.00277   0.00425   0.00599   0.00325   0.00520   0.00130   0.00163   0.01108   0.00482   0.00279   0.04565   0.00041   0.00109   0.00290   0.01466   0.01878   0.01900   0.03084   0.01179   0.02037   0.02145   0.05070   0.01585   0.03935   0.00837   0.01181   0.02022   0.88381   0.19446   0.25330   0.38236   0.34876   0.66766  
 77 43.9957   6409.060115  x:  0.08491   0.01316   0.00708   0.00148   0.00676   0.00233   0.00555   0.00153   0.01264   0.02415   0.03065   0.00126   0.01237   0.00278   0.00424   0.00600   0.00325   0.00516   0.00130   0.00163   0.01109   0.00485   0.00279   0.04566   0.00040   0.00109   0.00291   0.01459   0.01873   0.01893   0.03064   0.01176   0.02033   0.02144   0.05076   0.01585   0.03954   0.00848   0.01183   0.02019   0.88351   0.19408   0.25328   0.38237   0.34862   0.66649  
 78 38.8433   6409.054307  x:  0.08493   0.01314   0.00708   0.00148   0.00675   0.00234   0.00557   0.00153   0.01260   0.02413   0.03068   0.00126   0.01245   0.00276   0.00420   0.00600   0.00325   0.00531   0.00130   0.00163   0.01104   0.00483   0.00279   0.04568   0.00041   0.00109   0.00292   0.01466   0.01870   0.01895   0.03049   0.01172   0.02032   0.02149   0.05078   0.01581   0.03963   0.00846   0.01179   0.02021   0.88302   0.19329   0.25325   0.38233   0.34844   0.66455  
 79 85.8514   6409.038995  x:  0.08500   0.01304   0.00707   0.00148   0.00675   0.00233   0.00555   0.00153   0.01257   0.02415   0.03072   0.00126   0.01252   0.00277   0.00426   0.00599   0.00325   0.00512   0.00130   0.00163   0.01101   0.00484   0.00279   0.04575   0.00043   0.00110   0.00290   0.01487   0.01870   0.01908   0.03034   0.01169   0.02037   0.02158   0.05076   0.01575   0.03966   0.00831   0.01172   0.02029   0.88174   0.19109   0.25317   0.38221   0.34799   0.65941  
 80 274.4530   6409.016162  x:  0.08512   0.01297   0.00708   0.00148   0.00676   0.00233   0.00556   0.00153   0.01271   0.02423   0.03075   0.00126   0.01232   0.00277   0.00422   0.00600   0.00325   0.00521   0.00130   0.00163   0.01112   0.00484   0.00279   0.04588   0.00040   0.00109   0.00291   0.01476   0.01878   0.01912   0.03062   0.01180   0.02043   0.02156   0.05066   0.01583   0.03941   0.00845   0.01188   0.02032   0.87983   0.18774   0.25305   0.38199   0.34736   0.65175  
 81 337.0397   6409.012199  x:  0.08516   0.01306   0.00708   0.00148   0.00675   0.00233   0.00555   0.00153   0.01263   0.02422   0.03075   0.00126   0.01241   0.00277   0.00423   0.00600   0.00325   0.00519   0.00130   0.00163   0.01107   0.00484   0.00279   0.04591   0.00039   0.00109   0.00291   0.01465   0.01877   0.01903   0.03076   0.01176   0.02039   0.02149   0.05065   0.01586   0.03933   0.00843   0.01180   0.02025   0.87949   0.18714   0.25302   0.38193   0.34726   0.65038  
 82 117.2529   6409.011897  x:  0.08516   0.01308   0.00708   0.00148   0.00675   0.00233   0.00555   0.00153   0.01263   0.02418   0.03071   0.00126   0.01240   0.00277   0.00423   0.00600   0.00325   0.00519   0.00130   0.00163   0.01107   0.00484   0.00279   0.04592   0.00039   0.00109   0.00291   0.01469   0.01875   0.01900   0.03078   0.01176   0.02037   0.02146   0.05066   0.01585   0.03931   0.00843   0.01181   0.02022   0.87945   0.18711   0.25301   0.38188   0.34729   0.65027  
 83  7.9361   6409.011376  x:  0.08518   0.01308   0.00707   0.00148   0.00675   0.00233   0.00555   0.00153   0.01264   0.02415   0.03058   0.00126   0.01240   0.00277   0.00423   0.00600   0.00325   0.00519   0.00130   0.00163   0.01107   0.00484   0.00279   0.04593   0.00039   0.00109   0.00291   0.01465   0.01874   0.01902   0.03076   0.01176   0.02037   0.02147   0.05067   0.01583   0.03929   0.00843   0.01179   0.02023   0.87934   0.18713   0.25294   0.38162   0.34743   0.65005  
 84  4.9707   6409.009572  x:  0.08519   0.01318   0.00707   0.00148   0.00675   0.00233   0.00555   0.00153   0.01258   0.02421   0.03049   0.00126   0.01242   0.00277   0.00423   0.00600   0.00325   0.00519   0.00130   0.00163   0.01107   0.00484   0.00279   0.04595   0.00038   0.00109   0.00291   0.01467   0.01878   0.01902   0.03070   0.01175   0.02039   0.02148   0.05068   0.01588   0.03926   0.00841   0.01187   0.02024   0.87896   0.18726   0.25268   0.38062   0.34801   0.64932  
 85 17.4941   6409.006334  x:  0.08521   0.01320   0.00708   0.00148   0.00675   0.00233   0.00555   0.00152   0.01268   0.02428   0.03057   0.00126   0.01240   0.00277   0.00423   0.00600   0.00325   0.00519   0.00130   0.00163   0.01107   0.00484   0.00279   0.04596   0.00037   0.00109   0.00291   0.01472   0.01879   0.01900   0.03069   0.01176   0.02039   0.02148   0.05067   0.01591   0.03928   0.00844   0.01175   0.02023   0.87823   0.18752   0.25218   0.37875   0.34909   0.64801  
 86 71.4409   6409.004405  x:  0.08521   0.01306   0.00708   0.00148   0.00675   0.00233   0.00555   0.00153   0.01263   0.02422   0.03069   0.00126   0.01241   0.00277   0.00423   0.00600   0.00325   0.00519   0.00130   0.00163   0.01107   0.00484   0.00279   0.04597   0.00038   0.00109   0.00291   0.01468   0.01874   0.01901   0.03075   0.01175   0.02036   0.02148   0.05066   0.01586   0.03932   0.00842   0.01181   0.02023   0.87778   0.18768   0.25188   0.37760   0.34974   0.64720  
 87 76.3623   6409.004349  x:  0.08521   0.01308   0.00708   0.00148   0.00675   0.00233   0.00555   0.00153   0.01263   0.02419   0.03070   0.00126   0.01240   0.00277   0.00423   0.00600   0.00325   0.00519   0.00130   0.00163   0.01107   0.00484   0.00279   0.04597   0.00038   0.00109   0.00291   0.01468   0.01876   0.01902   0.03076   0.01176   0.02037   0.02148   0.05066   0.01586   0.03932   0.00842   0.01180   0.02023   0.87776   0.18768   0.25188   0.37757   0.34976   0.64719  
 88  3.1715   6409.004323  x:  0.08521   0.01308   0.00708   0.00148   0.00675   0.00233   0.00555   0.00152   0.01264   0.02418   0.03070   0.00126   0.01241   0.00277   0.00423   0.00600   0.00325   0.00519   0.00130   0.00163   0.01107   0.00484   0.00279   0.04597   0.00038   0.00109   0.00291   0.01468   0.01876   0.01901   0.03076   0.01175   0.02037   0.02148   0.05066   0.01587   0.03932   0.00842   0.01181   0.02024   0.87771   0.18767   0.25189   0.37755   0.34974   0.64720  
 89  0.6716   6409.004274  x:  0.08521   0.01308   0.00708   0.00148   0.00675   0.00233   0.00555   0.00152   0.01266   0.02418   0.03070   0.00126   0.01242   0.00277   0.00423   0.00600   0.00325   0.00519   0.00130   0.00163   0.01106   0.00484   0.00279   0.04597   0.00039   0.00109   0.00291   0.01467   0.01877   0.01900   0.03076   0.01174   0.02038   0.02148   0.05066   0.01585   0.03932   0.00842   0.01182   0.02024   0.87756   0.18766   0.25192   0.37750   0.34970   0.64723  
 90  5.6380   6409.003476  x:  0.08521   0.01307   0.00708   0.00148   0.00675   0.00233   0.00555   0.00153   0.01262   0.02418   0.03070   0.00126   0.01240   0.00277   0.00423   0.00600   0.00325   0.00519   0.00130   0.00163   0.01107   0.00484   0.00279   0.04597   0.00039   0.00109   0.00291   0.01468   0.01878   0.01895   0.03076   0.01176   0.02043   0.02149   0.05066   0.01583   0.03932   0.00843   0.01180   0.02025   0.87556   0.18747   0.25232   0.37679   0.34910   0.64762  
 91 19.4213   6409.002929  x:  0.08521   0.01308   0.00708   0.00148   0.00675   0.00233   0.00555   0.00152   0.01264   0.02420   0.03070   0.00126   0.01241   0.00277   0.00423   0.00600   0.00325   0.00519   0.00130   0.00163   0.01107   0.00484   0.00279   0.04597   0.00039   0.00109   0.00291   0.01467   0.01877   0.01901   0.03075   0.01175   0.02037   0.02147   0.05066   0.01583   0.03932   0.00843   0.01181   0.02023   0.87421   0.18735   0.25258   0.37631   0.34869   0.64789  
 92 65.9145   6409.002588  x:  0.08521   0.01309   0.00708   0.00148   0.00675   0.00233   0.00555   0.00152   0.01264   0.02421   0.03070   0.00126   0.01241   0.00277   0.00423   0.00600   0.00325   0.00519   0.00130   0.00163   0.01107   0.00484   0.00279   0.04597   0.00039   0.00109   0.00291   0.01467   0.01879   0.01900   0.03075   0.01176   0.02033   0.02145   0.05066   0.01582   0.03932   0.00842   0.01180   0.02030   0.87331   0.18722   0.25208   0.37625   0.34849   0.64811  
 93  1.2912   6409.002006  x:  0.08521   0.01309   0.00708   0.00148   0.00675   0.00233   0.00555   0.00152   0.01264   0.02421   0.03071   0.00126   0.01241   0.00277   0.00423   0.00600   0.00325   0.00519   0.00130   0.00163   0.01107   0.00484   0.00279   0.04597   0.00040   0.00109   0.00291   0.01467   0.01878   0.01901   0.03075   0.01176   0.02038   0.02146   0.05067   0.01580   0.03932   0.00843   0.01181   0.02023   0.87176   0.18701   0.25119   0.37614   0.34815   0.64848  
 94 45.0468   6409.000306  x:  0.08522   0.01309   0.00708   0.00147   0.00675   0.00232   0.00555   0.00152   0.01264   0.02421   0.03070   0.00126   0.01241   0.00276   0.00423   0.00600   0.00325   0.00519   0.00130   0.00163   0.01107   0.00484   0.00279   0.04594   0.00040   0.00109   0.00291   0.01467   0.01878   0.01902   0.03076   0.01176   0.02038   0.02146   0.05067   0.01580   0.03932   0.00843   0.01181   0.02024   0.87055   0.18717   0.25171   0.37751   0.35005   0.64856  
 95  0.0959   6408.948362  x:  0.08594   0.01312   0.00706   0.00134   0.00674   0.00211   0.00554   0.00153   0.01263   0.02425   0.03070   0.00132   0.01241   0.00255   0.00417   0.00600   0.00317   0.00518   0.00140   0.00161   0.01109   0.00482   0.00281   0.04523   0.00042   0.00115   0.00278   0.01468   0.01879   0.01905   0.03082   0.01179   0.02041   0.02145   0.05077   0.01577   0.03936   0.00845   0.01182   0.02027   0.87436   0.18674   0.25164   0.37644   0.34933   0.65060  
 96  0.0655   6408.948150  x:  0.08596   0.01311   0.00706   0.00134   0.00674   0.00211   0.00554   0.00153   0.01264   0.02422   0.03070   0.00132   0.01242   0.00255   0.00417   0.00601   0.00317   0.00518   0.00141   0.00161   0.01109   0.00482   0.00281   0.04521   0.00040   0.00116   0.00278   0.01469   0.01877   0.01905   0.03082   0.01178   0.02041   0.02147   0.05077   0.01584   0.03936   0.00844   0.01182   0.02027   0.87388   0.18669   0.25157   0.37635   0.34924   0.65070  
 97  0.0534   6408.938238  x:  0.08794   0.01310   0.00702   0.00140   0.00668   0.00215   0.00550   0.00151   0.01265   0.02421   0.03070   0.00130   0.01238   0.00253   0.00413   0.00599   0.00313   0.00516   0.00142   0.00152   0.01104   0.00478   0.00280   0.04321   0.00038   0.00121   0.00273   0.01467   0.01878   0.01903   0.03080   0.01175   0.02037   0.02150   0.05071   0.01583   0.03934   0.00845   0.01182   0.02024   0.87382   0.18712   0.25157   0.37661   0.34874   0.64884  
 98  0.0015   6408.926671  x:  0.09174   0.01310   0.00705   0.00136   0.00672   0.00215   0.00554   0.00153   0.01265   0.02421   0.03070   0.00132   0.01241   0.00258   0.00417   0.00600   0.00317   0.00518   0.00147   0.00141   0.01107   0.00482   0.00281   0.03942   0.00041   0.00118   0.00279   0.01469   0.01878   0.01904   0.03079   0.01177   0.02039   0.02149   0.05071   0.01582   0.03935   0.00844   0.01183   0.02026   0.87379   0.18708   0.25158   0.37659   0.34880   0.64908  
 99  0.0029   6408.925593  x:  0.09274   0.01311   0.00705   0.00137   0.00673   0.00213   0.00554   0.00154   0.01264   0.02422   0.03070   0.00133   0.01241   0.00256   0.00417   0.00601   0.00317   0.00518   0.00144   0.00141   0.01108   0.00482   0.00281   0.03841   0.00042   0.00119   0.00278   0.01469   0.01878   0.01904   0.03081   0.01178   0.02040   0.02148   0.05074   0.01581   0.03936   0.00844   0.01182   0.02026   0.87391   0.18684   0.25159   0.37645   0.34910   0.65012  
100  0.0017   6408.924935  x:  0.10223   0.01312   0.00706   0.00135   0.00673   0.00216   0.00555   0.00154   0.01263   0.02423   0.03071   0.00134   0.01241   0.00257   0.00417   0.00601   0.00317   0.00518   0.00141   0.00141   0.01109   0.00482   0.00282   0.02895   0.00042   0.00119   0.00278   0.01469   0.01878   0.01906   0.03082   0.01179   0.02040   0.02148   0.05077   0.01582   0.03937   0.00844   0.01182   0.02027   0.87374   0.18698   0.25156   0.37655   0.34888   0.64961  
101  0.0017   6408.922679  x:  0.11585   0.01310   0.00705   0.00138   0.00673   0.00211   0.00553   0.00153   0.01264   0.02421   0.03070   0.00132   0.01241   0.00256   0.00417   0.00600   0.00317   0.00518   0.00144   0.00140   0.01107   0.00481   0.00281   0.01530   0.00041   0.00118   0.00278   0.01468   0.01878   0.01904   0.03080   0.01177   0.02039   0.02148   0.05072   0.01582   0.03935   0.00844   0.01182   0.02025   0.87404   0.18682   0.25160   0.37646   0.34919   0.65010  
102  0.0045   6408.920338  x:  0.13114   0.01310   0.00705   0.00137   0.00672   0.00212   0.00553   0.00153   0.01264   0.02421   0.03070   0.00132   0.01241   0.00256   0.00417   0.00600   0.00317   0.00518   0.00143   0.00140   0.01107   0.00481   0.00281   0.00000   0.00041   0.00117   0.00278   0.01468   0.01878   0.01904   0.03080   0.01177   0.02039   0.02148   0.05073   0.01582   0.03935   0.00844   0.01182   0.02025   0.87400   0.18684   0.25159   0.37647   0.34915   0.65001  
103  0.0262   6408.920337  x:  0.13112   0.01310   0.00705   0.00137   0.00672   0.00212   0.00553   0.00153   0.01264   0.02421   0.03070   0.00132   0.01241   0.00256   0.00417   0.00600   0.00317   0.00518   0.00143   0.00140   0.01107   0.00481   0.00281   0.00000   0.00041   0.00117   0.00278   0.01468   0.01878   0.01904   0.03080   0.01177   0.02039   0.02148   0.05073   0.01582   0.03935   0.00844   0.01182   0.02025   0.87400   0.18684   0.25159   0.37647   0.34915   0.65001  
104  0.0399   6408.910544  x:  0.13110   0.01310   0.00705   0.00129   0.00671   0.00217   0.00553   0.00152   0.01263   0.02421   0.03069   0.00130   0.01240   0.00255   0.00415   0.00599   0.00314   0.00517   0.00134   0.00140   0.01107   0.00480   0.00280   0.00000   0.00039   0.00114   0.00275   0.01468   0.01875   0.01903   0.03081   0.01177   0.02039   0.02147   0.05075   0.01583   0.03934   0.00844   0.01181   0.02025   0.87346   0.18700   0.25152   0.37652   0.34874   0.64926  
105  0.0011   6408.908059  x:  0.13109   0.01309   0.00705   0.00133   0.00671   0.00212   0.00552   0.00151   0.01264   0.02420   0.03069   0.00129   0.01240   0.00255   0.00415   0.00599   0.00315   0.00517   0.00138   0.00138   0.01106   0.00480   0.00279   0.00000   0.00039   0.00113   0.00276   0.01467   0.01875   0.01903   0.03079   0.01176   0.02038   0.02147   0.05072   0.01583   0.03932   0.00844   0.01181   0.02025   0.87381   0.18691   0.25156   0.37650   0.34899   0.64956  
106  0.0004   6408.903348  x:  0.13103   0.01307   0.00704   0.00131   0.00670   0.00207   0.00550   0.00149   0.01264   0.02417   0.03067   0.00124   0.01239   0.00253   0.00414   0.00597   0.00314   0.00515   0.00135   0.00136   0.01104   0.00478   0.00277   0.00000   0.00036   0.00109   0.00276   0.01465   0.01874   0.01900   0.03076   0.01174   0.02036   0.02146   0.05067   0.01585   0.03928   0.00843   0.01180   0.02022   0.87400   0.18681   0.25157   0.37646   0.34920   0.64962  
107  0.0001   6408.903347  x:  0.13103   0.01307   0.00704   0.00131   0.00670   0.00207   0.00550   0.00149   0.01264   0.02417   0.03067   0.00124   0.01239   0.00253   0.00414   0.00597   0.00314   0.00515   0.00135   0.00136   0.01105   0.00478   0.00277   0.00000   0.00036   0.00109   0.00276   0.01465   0.01874   0.01900   0.03076   0.01174   0.02036   0.02146   0.05067   0.01585   0.03928   0.00843   0.01180   0.02022   0.87399   0.18681   0.25157   0.37646   0.34920   0.64962  