

TREE #  1

  0  0.0000   6487.367409  x:  0.01088   0.00968   0.00533   0.01191   0.01063   0.00548   0.01366   0.02834   0.01150   0.03269   0.00365   0.01698   0.00420   0.01014   0.01042   0.00404   0.00649   0.00501   0.00497   0.01413   0.00771   0.00752   0.13743   0.00735   0.00000   0.00628   0.02008   0.01836   0.02068   0.03449   0.01336   0.03089   0.02015   0.05752   0.02159   0.04411   0.00791   0.01361   0.02489   1.10000   0.50203   0.56880   0.51738   0.45875   0.50700  
  1 99.0000   6468.079902  x:  0.00919   0.00584   0.00164   0.00946   0.00901   0.00289   0.01361   0.02800   0.01230   0.03292   0.00055   0.01606   0.00262   0.00759   0.00856   0.00299   0.00556   0.00139   0.00137   0.01333   0.00612   0.00454   0.13760   0.00511   0.01097   0.00400   0.01925   0.01888   0.02066   0.03434   0.01317   0.02962   0.02098   0.05745   0.02045   0.04412   0.00805   0.01341   0.02439   1.10007   0.50169   0.56856   0.51735   0.45874   0.50717  
  2 4104.2389   6461.894209  x:  0.00821   0.00332   0.00040   0.00791   0.00816   0.00153   0.01353   0.02770   0.01269   0.03301   0.00258   0.01544   0.00236   0.00605   0.00748   0.00293   0.00525   0.00084   0.00088   0.01281   0.00541   0.00309   0.13765   0.00323   0.01078   0.00254   0.01870   0.01912   0.02058   0.03415   0.01288   0.02869   0.02137   0.05725   0.01959   0.04408   0.00792   0.01322   0.02397   1.10013   0.50143   0.56837   0.51732   0.45873   0.50730  
  3 2635.2701   6458.777158  x:  0.00750   0.00160   0.00138   0.00680   0.00760   0.00073   0.01348   0.02746   0.01296   0.03306   0.00285   0.01496   0.00224   0.00494   0.00670   0.00289   0.00506   0.00104   0.00104   0.01242   0.00490   0.00216   0.13768   0.00181   0.01072   0.00158   0.01827   0.01928   0.02051   0.03399   0.01267   0.02795   0.02164   0.05708   0.01894   0.04403   0.00784   0.01306   0.02364   1.10017   0.50122   0.56822   0.51730   0.45873   0.50740  
  4 5352.3222   6456.314212  x:  0.00678   0.00126   0.00076   0.00556   0.00716   0.00106   0.01343   0.02712   0.01324   0.03308   0.00171   0.01430   0.00240   0.00388   0.00593   0.00295   0.00498   0.00145   0.00148   0.01194   0.00449   0.00209   0.13768   0.00000   0.01007   0.00116   0.01771   0.01942   0.02039   0.03375   0.01238   0.02691   0.02194   0.05678   0.01811   0.04391   0.00775   0.01284   0.02316   1.10023   0.50092   0.56800   0.51727   0.45872   0.50755  
  5 1959.8568   6455.240511  x:  0.00625   0.00174   0.00090   0.00468   0.00678   0.00112   0.01336   0.02678   0.01347   0.03307   0.00122   0.01369   0.00245   0.00322   0.00538   0.00297   0.00495   0.00093   0.00098   0.01153   0.00426   0.00220   0.13768   0.00000   0.00950   0.00121   0.01718   0.01952   0.02026   0.03352   0.01212   0.02589   0.02219   0.05648   0.01741   0.04376   0.00772   0.01262   0.02269   1.10030   0.50061   0.56778   0.51723   0.45871   0.50769  
  6 2001.9401   6454.131243  x:  0.00580   0.00179   0.00089   0.00443   0.00622   0.00096   0.01311   0.02589   0.01384   0.03291   0.00142   0.01232   0.00224   0.00368   0.00510   0.00279   0.00504   0.00133   0.00102   0.01079   0.00442   0.00268   0.13763   0.00000   0.00974   0.00248   0.01599   0.01964   0.01990   0.03291   0.01160   0.02339   0.02268   0.05566   0.01602   0.04329   0.00784   0.01215   0.02154   1.10047   0.49980   0.56719   0.51715   0.45869   0.50808  
  7 893.2783   6453.531748  x:  0.00591   0.00163   0.00091   0.00484   0.00622   0.00130   0.01296   0.02533   0.01399   0.03275   0.00136   0.01168   0.00232   0.00402   0.00531   0.00282   0.00509   0.00083   0.00131   0.01051   0.00456   0.00250   0.13755   0.00000   0.00973   0.00245   0.01528   0.01967   0.01964   0.03248   0.01131   0.02185   0.02291   0.05508   0.01527   0.04294   0.00793   0.01191   0.02084   1.10059   0.49922   0.56677   0.51709   0.45868   0.50835  
  8 1296.0653   6453.157687  x:  0.00614   0.00172   0.00089   0.00522   0.00633   0.00143   0.01285   0.02491   0.01404   0.03259   0.00129   0.01137   0.00240   0.00413   0.00556   0.00287   0.00508   0.00109   0.00094   0.01041   0.00462   0.00226   0.13747   0.00000   0.00972   0.00209   0.01480   0.01966   0.01945   0.03212   0.01114   0.02075   0.02303   0.05461   0.01480   0.04264   0.00801   0.01178   0.02035   1.10069   0.49872   0.56641   0.51704   0.45867   0.50858  
  9 1452.6015   6452.956127  x:  0.00637   0.00199   0.00085   0.00530   0.00649   0.00108   0.01275   0.02459   0.01397   0.03237   0.00132   0.01149   0.00232   0.00392   0.00571   0.00283   0.00499   0.00112   0.00115   0.01053   0.00455   0.00246   0.13735   0.00000   0.00981   0.00179   0.01461   0.01959   0.01930   0.03180   0.01114   0.02007   0.02303   0.05415   0.01467   0.04233   0.00807   0.01178   0.02006   1.10080   0.49821   0.56604   0.51699   0.45866   0.50882  
 10 564.3894   6452.688970  x:  0.00662   0.00163   0.00084   0.00519   0.00687   0.00106   0.01264   0.02412   0.01373   0.03193   0.00122   0.01201   0.00229   0.00364   0.00578   0.00279   0.00490   0.00105   0.00098   0.01090   0.00443   0.00278   0.13706   0.00000   0.00977   0.00201   0.01456   0.01940   0.01907   0.03125   0.01129   0.01925   0.02288   0.05325   0.01475   0.04172   0.00813   0.01186   0.01971   1.10101   0.49715   0.56527   0.51688   0.45864   0.50930  
 11 570.4927   6452.409784  x:  0.00650   0.00182   0.00084   0.00486   0.00702   0.00129   0.01256   0.02365   0.01343   0.03137   0.00135   0.01256   0.00232   0.00363   0.00558   0.00280   0.00491   0.00110   0.00110   0.01123   0.00438   0.00227   0.13664   0.00000   0.00993   0.00227   0.01465   0.01915   0.01885   0.03062   0.01151   0.01863   0.02265   0.05211   0.01496   0.04095   0.00814   0.01197   0.01944   1.10131   0.49568   0.56420   0.51673   0.45861   0.50996  
 12 734.1704   6452.032360  x:  0.00591   0.00179   0.00078   0.00487   0.00648   0.00113   0.01251   0.02318   0.01309   0.03058   0.00112   0.01282   0.00238   0.00427   0.00523   0.00292   0.00509   0.00105   0.00104   0.01124   0.00460   0.00241   0.13583   0.00000   0.00990   0.00189   0.01491   0.01882   0.01863   0.02977   0.01168   0.01849   0.02223   0.05033   0.01532   0.03980   0.00799   0.01203   0.01934   1.10185   0.49304   0.56228   0.51646   0.45856   0.51116  
 13 641.6212   6451.607859  x:  0.00573   0.00184   0.00086   0.00513   0.00593   0.00176   0.01253   0.02295   0.01294   0.02982   0.00135   0.01246   0.00207   0.00393   0.00533   0.00264   0.00489   0.00110   0.00104   0.01073   0.00451   0.00273   0.13470   0.00000   0.01013   0.00169   0.01515   0.01854   0.01852   0.02904   0.01164   0.01896   0.02177   0.04831   0.01553   0.03859   0.00776   0.01190   0.01945   1.10258   0.48941   0.55964   0.51609   0.45849   0.51278  
 14 890.1271   6451.100668  x:  0.00614   0.00185   0.00073   0.00533   0.00568   0.00141   0.01249   0.02289   0.01295   0.02908   0.00109   0.01176   0.00237   0.00352   0.00571   0.00273   0.00471   0.00108   0.00106   0.01010   0.00436   0.00243   0.13326   0.00000   0.01009   0.00214   0.01531   0.01831   0.01849   0.02845   0.01143   0.01976   0.02132   0.04616   0.01563   0.03739   0.00756   0.01166   0.01967   1.10351   0.48480   0.55627   0.51562   0.45840   0.51485  
 15 1559.4880   6450.430152  x:  0.00666   0.00187   0.00074   0.00450   0.00699   0.00145   0.01241   0.02323   0.01339   0.02862   0.00118   0.01098   0.00241   0.00397   0.00554   0.00304   0.00499   0.00109   0.00106   0.00997   0.00437   0.00270   0.13107   0.00000   0.01038   0.00195   0.01504   0.01828   0.01858   0.02835   0.01094   0.02073   0.02103   0.04416   0.01529   0.03652   0.00768   0.01135   0.01996   1.10491   0.47774   0.55112   0.51491   0.45826   0.51798  
 16 1084.1090   6449.400668  x:  0.00626   0.00198   0.00059   0.00508   0.00771   0.00127   0.01227   0.02388   0.01414   0.02858   0.00081   0.01115   0.00183   0.00397   0.00512   0.00210   0.00509   0.00106   0.00106   0.01079   0.00469   0.00249   0.12775   0.00000   0.01013   0.00215   0.01442   0.01846   0.01875   0.02894   0.01057   0.02136   0.02106   0.04279   0.01466   0.03631   0.00811   0.01124   0.02014   1.10710   0.46668   0.54305   0.51379   0.45804   0.52286  
 17 1511.2044   6447.492950  x:  0.00521   0.00224   0.00060   0.00619   0.00761   0.00163   0.01211   0.02500   0.01545   0.02882   0.00092   0.01221   0.00287   0.00340   0.00503   0.00313   0.00499   0.00117   0.00114   0.01234   0.00478   0.00307   0.12102   0.00000   0.01067   0.00252   0.01334   0.01888   0.01903   0.03035   0.01034   0.02187   0.02135   0.04121   0.01362   0.03653   0.00880   0.01131   0.02024   1.11167   0.44351   0.52613   0.51145   0.45758   0.53306  
 18 5010.1290   6444.280894  x:  0.00683   0.00246   0.00049   0.00496   0.00537   0.00237   0.01223   0.02580   0.01616   0.02938   0.00047   0.01358   0.00216   0.00455   0.00664   0.00328   0.00504   0.00116   0.00114   0.01276   0.00421   0.00330   0.11104   0.00000   0.01065   0.00257   0.01317   0.01924   0.01919   0.03220   0.01122   0.02123   0.02188   0.04132   0.01359   0.03776   0.00878   0.01185   0.01995   1.11902   0.40606   0.49875   0.50767   0.45682   0.54951  
 19 4697.4910   6441.691742  x:  0.00736   0.00262   0.00044   0.00494   0.00591   0.00257   0.01247   0.02541   0.01535   0.02962   0.00049   0.01339   0.00388   0.00437   0.00609   0.00187   0.00528   0.00122   0.00119   0.01122   0.00536   0.00379   0.10425   0.00000   0.01108   0.00242   0.01437   0.01905   0.01904   0.03277   0.01203   0.02010   0.02196   0.04325   0.01486   0.03897   0.00796   0.01210   0.01959   1.12506   0.37503   0.47604   0.50452   0.45616   0.56309  
 20 4948.7962   6439.833717  x:  0.00708   0.00274   0.00031   0.00571   0.00703   0.00252   0.01259   0.02475   0.01431   0.02969   0.00023   0.01278   0.00287   0.00403   0.00535   0.00302   0.00518   0.00125   0.00123   0.01002   0.00567   0.00380   0.10023   0.00000   0.01111   0.00266   0.01542   0.01871   0.01885   0.03271   0.01233   0.01937   0.02179   0.04521   0.01597   0.03980   0.00737   0.01212   0.01942   1.12945   0.35228   0.45937   0.50221   0.45566   0.57303  
 21 7681.7003   6437.788581  x:  0.00589   0.00281   0.00027   0.00586   0.00752   0.00251   0.01232   0.02355   0.01287   0.02959   0.00019   0.01168   0.00318   0.00444   0.00618   0.00260   0.00546   0.00126   0.00124   0.01108   0.00352   0.00388   0.09936   0.00000   0.01115   0.00278   0.01570   0.01799   0.01859   0.03124   0.01116   0.01978   0.02096   0.04773   0.01607   0.04002   0.00773   0.01156   0.01976   1.13400   0.32821   0.44164   0.49971   0.45506   0.58348  
 22 2508.2667   6434.619821  x:  0.00642   0.00273   0.00027   0.00508   0.00648   0.00273   0.01179   0.02184   0.01135   0.02952   0.00020   0.01089   0.00294   0.00365   0.00657   0.00288   0.00556   0.00126   0.00125   0.01350   0.00581   0.00383   0.10067   0.00000   0.01134   0.00292   0.01516   0.01703   0.01827   0.02815   0.00908   0.02132   0.01948   0.05143   0.01493   0.03968   0.00863   0.01077   0.02051   1.14184   0.28624   0.41062   0.49531   0.45394   0.60166  
 23 4953.3855   6430.514670  x:  0.00825   0.00277   0.00034   0.00604   0.00611   0.00281   0.01200   0.02187   0.01285   0.02972   0.00032   0.01226   0.00313   0.00418   0.00406   0.00291   0.00549   0.00125   0.00122   0.01277   0.00455   0.00389   0.10566   0.00000   0.01123   0.00311   0.01401   0.01752   0.01845   0.02576   0.01049   0.02272   0.01926   0.05345   0.01306   0.03827   0.00838   0.01132   0.02079   1.15116   0.23558   0.37295   0.48989   0.45246   0.62358  
 24 4324.6648   6427.326545  x:  0.00639   0.00273   0.00035   0.00544   0.00727   0.00243   0.01240   0.02296   0.01466   0.02982   0.00030   0.01345   0.00287   0.00425   0.00642   0.00286   0.00525   0.00124   0.00122   0.01106   0.00524   0.00372   0.11102   0.00000   0.01100   0.00309   0.01362   0.01854   0.01882   0.02562   0.01201   0.02290   0.02002   0.05359   0.01294   0.03704   0.00807   0.01207   0.02057   1.15886   0.19331   0.34130   0.48527   0.45113   0.64192  
 25 6689.4719   6425.514954  x:  0.00674   0.00261   0.00039   0.00552   0.00675   0.00244   0.01237   0.02431   0.01443   0.02962   0.00039   0.01236   0.00285   0.00406   0.00586   0.00297   0.00537   0.00125   0.00123   0.01186   0.00500   0.00364   0.11471   0.00000   0.01089   0.00290   0.01480   0.01901   0.01914   0.02908   0.01060   0.02126   0.02113   0.05139   0.01567   0.03733   0.00887   0.01166   0.02012   1.16310   0.16975   0.32303   0.48247   0.45019   0.65242  
 26 2078.4678   6425.261840  x:  0.00669   0.00260   0.00041   0.00551   0.00682   0.00237   0.01235   0.02397   0.01338   0.02973   0.00043   0.01223   0.00279   0.00408   0.00588   0.00298   0.00529   0.00123   0.00121   0.01204   0.00499   0.00360   0.11496   0.00000   0.01092   0.00287   0.01486   0.01844   0.01904   0.03007   0.01101   0.02114   0.02096   0.05025   0.01478   0.03859   0.00789   0.01155   0.02048   1.16359   0.16705   0.32004   0.48185   0.44985   0.65410  
 27 293.1153   6425.210413  x:  0.00667   0.00259   0.00041   0.00551   0.00683   0.00236   0.01235   0.02381   0.01321   0.02981   0.00044   0.01226   0.00278   0.00407   0.00588   0.00298   0.00532   0.00123   0.00121   0.01193   0.00498   0.00358   0.11491   0.00062   0.01092   0.00286   0.01483   0.01833   0.01901   0.03016   0.01105   0.02115   0.02088   0.04997   0.01468   0.03897   0.00798   0.01161   0.02054   1.16367   0.16665   0.31929   0.48166   0.44973   0.65452  
 28 258.2637   6425.124124  x:  0.00663   0.00256   0.00042   0.00549   0.00685   0.00231   0.01238   0.02341   0.01309   0.03011   0.00046   0.01240   0.00274   0.00405   0.00587   0.00298   0.00537   0.00122   0.00120   0.01149   0.00494   0.00354   0.11451   0.00040   0.01090   0.00283   0.01486   0.01825   0.01894   0.03000   0.01096   0.02121   0.02065   0.04937   0.01461   0.03990   0.00866   0.01183   0.02054   1.16373   0.16637   0.31749   0.48111   0.44932   0.65550  
 29 154.2084   6424.985846  x:  0.00653   0.00252   0.00044   0.00543   0.00691   0.00222   0.01237   0.02318   0.01357   0.03058   0.00049   0.01230   0.00272   0.00417   0.00585   0.00299   0.00483   0.00121   0.00119   0.01166   0.00491   0.00347   0.11339   0.00041   0.01085   0.00281   0.01484   0.01857   0.01894   0.02916   0.01079   0.02123   0.02062   0.04888   0.01508   0.04078   0.00825   0.01156   0.02019   1.16367   0.16693   0.31388   0.47984   0.44832   0.65745  
 30 154.7931   6424.875244  x:  0.00649   0.00248   0.00046   0.00548   0.00687   0.00214   0.01233   0.02326   0.01376   0.03070   0.00055   0.01219   0.00259   0.00393   0.00591   0.00303   0.00557   0.00120   0.00119   0.01177   0.00484   0.00340   0.11239   0.00042   0.01086   0.00281   0.01478   0.01874   0.01895   0.02867   0.01078   0.02117   0.02074   0.04873   0.01528   0.04100   0.00789   0.01145   0.02002   1.16357   0.16768   0.31060   0.47865   0.44736   0.65922  
 31 403.5125   6424.469839  x:  0.00625   0.00234   0.00052   0.00535   0.00686   0.00190   0.01225   0.02424   0.01311   0.02984   0.00068   0.01155   0.00244   0.00389   0.00585   0.00307   0.00518   0.00116   0.00115   0.01173   0.00475   0.00319   0.10905   0.00048   0.01072   0.00272   0.01454   0.01851   0.01895   0.02852   0.01110   0.02065   0.02139   0.04938   0.01483   0.03967   0.00832   0.01198   0.02028   1.16300   0.17142   0.29808   0.47396   0.44355   0.66605  
 32 404.2028   6424.265020  x:  0.00618   0.00230   0.00053   0.00531   0.00688   0.00182   0.01236   0.02374   0.01337   0.02950   0.00072   0.01230   0.00237   0.00395   0.00584   0.00306   0.00511   0.00115   0.00113   0.01119   0.00467   0.00311   0.10810   0.00052   0.01070   0.00268   0.01464   0.01833   0.01885   0.02939   0.01041   0.02057   0.02102   0.04987   0.01453   0.03873   0.00821   0.01118   0.02028   1.16258   0.17375   0.29129   0.47131   0.44138   0.66984  
 33 440.1809   6424.023182  x:  0.00619   0.00231   0.00053   0.00532   0.00688   0.00186   0.01219   0.02240   0.01419   0.02957   0.00071   0.01174   0.00238   0.00388   0.00587   0.00308   0.00518   0.00115   0.00114   0.01159   0.00471   0.00313   0.10857   0.00048   0.01069   0.00265   0.01467   0.01845   0.01873   0.03049   0.01105   0.02086   0.02028   0.05014   0.01468   0.03821   0.00826   0.01169   0.02001   1.16187   0.17706   0.28265   0.46775   0.43842   0.67486  
 34 325.8904   6423.268186  x:  0.00645   0.00245   0.00047   0.00543   0.00692   0.00211   0.01255   0.02329   0.01312   0.02993   0.00057   0.01224   0.00259   0.00402   0.00588   0.00303   0.00526   0.00120   0.00118   0.01156   0.00485   0.00337   0.11323   0.00033   0.01079   0.00279   0.01412   0.01893   0.01913   0.03008   0.01089   0.02125   0.02111   0.04976   0.01522   0.03948   0.00817   0.01177   0.02014   1.15911   0.18825   0.25512   0.45587   0.42846   0.69145  
 35 470.4221   6423.219716  x:  0.00647   0.00247   0.00047   0.00545   0.00691   0.00213   0.01228   0.02365   0.01346   0.03007   0.00057   0.01220   0.00260   0.00403   0.00590   0.00303   0.00527   0.00120   0.00118   0.01163   0.00487   0.00339   0.11355   0.00038   0.01080   0.00278   0.01479   0.01864   0.01904   0.02989   0.01102   0.02100   0.02102   0.04973   0.01497   0.03961   0.00830   0.01158   0.02036   1.15880   0.18894   0.25347   0.45498   0.42770   0.69265  
 36 190.8138   6423.209072  x:  0.00647   0.00247   0.00047   0.00545   0.00691   0.00212   0.01251   0.02376   0.01360   0.03009   0.00057   0.01219   0.00260   0.00403   0.00591   0.00303   0.00528   0.00120   0.00118   0.01165   0.00487   0.00339   0.11359   0.00038   0.01080   0.00279   0.01479   0.01848   0.01896   0.02986   0.01088   0.02089   0.02087   0.04974   0.01498   0.03964   0.00821   0.01177   0.02046   1.15846   0.18896   0.25342   0.45455   0.42731   0.69317  
 37 33.1490   6423.036890  x:  0.00643   0.00245   0.00047   0.00541   0.00686   0.00212   0.01217   0.02429   0.01380   0.02970   0.00057   0.01214   0.00260   0.00401   0.00588   0.00303   0.00526   0.00120   0.00118   0.01151   0.00487   0.00338   0.11364   0.00026   0.01080   0.00279   0.01383   0.01809   0.01870   0.02994   0.01133   0.02063   0.01997   0.04994   0.01555   0.04000   0.00830   0.01129   0.02082   1.15061   0.18806   0.25539   0.44560   0.41915   0.70386  
 38 70.2728   6422.317118  x:  0.00648   0.00247   0.00049   0.00547   0.00694   0.00212   0.01225   0.02403   0.01382   0.02883   0.00060   0.01228   0.00262   0.00407   0.00593   0.00305   0.00526   0.00120   0.00118   0.01164   0.00488   0.00338   0.11362   0.00043   0.01079   0.00286   0.01477   0.01907   0.01915   0.02994   0.01093   0.02095   0.02042   0.05041   0.01494   0.04041   0.00824   0.01181   0.02040   1.11880   0.18438   0.26389   0.40976   0.38640   0.74669  
 39 1163.2558   6422.250632  x:  0.00648   0.00247   0.00049   0.00547   0.00696   0.00210   0.01260   0.02379   0.01375   0.02971   0.00059   0.01225   0.00262   0.00406   0.00593   0.00305   0.00527   0.00120   0.00119   0.01171   0.00489   0.00338   0.11360   0.00040   0.01077   0.00286   0.01471   0.01847   0.01894   0.02995   0.01112   0.02111   0.02108   0.05035   0.01507   0.04005   0.00837   0.01157   0.02043   1.11546   0.18400   0.26468   0.40636   0.38326   0.75093  
 40 385.2766   6422.235903  x:  0.00648   0.00247   0.00049   0.00547   0.00697   0.00210   0.01231   0.02381   0.01360   0.03024   0.00059   0.01230   0.00262   0.00407   0.00593   0.00305   0.00526   0.00120   0.00119   0.01164   0.00488   0.00338   0.11358   0.00040   0.01078   0.00286   0.01467   0.01846   0.01895   0.02997   0.01100   0.02108   0.02103   0.05032   0.01511   0.03983   0.00828   0.01173   0.02049   1.11450   0.18391   0.26480   0.40575   0.38265   0.75189  
 41 95.9911   6422.226944  x:  0.00648   0.00247   0.00049   0.00547   0.00697   0.00209   0.01247   0.02390   0.01343   0.03056   0.00059   0.01227   0.00262   0.00407   0.00593   0.00305   0.00526   0.00120   0.00119   0.01167   0.00488   0.00338   0.11357   0.00040   0.01078   0.00286   0.01471   0.01866   0.01902   0.02997   0.01108   0.02100   0.02080   0.05029   0.01506   0.03968   0.00833   0.01165   0.02049   1.11360   0.18385   0.26479   0.40561   0.38243   0.75250  
 42 44.8946   6421.670676  x:  0.00648   0.00247   0.00049   0.00547   0.00698   0.00206   0.01240   0.02468   0.01320   0.03057   0.00061   0.01230   0.00261   0.00408   0.00591   0.00306   0.00525   0.00120   0.00118   0.01166   0.00487   0.00337   0.11295   0.00048   0.01078   0.00286   0.01484   0.01808   0.01822   0.03008   0.01104   0.02174   0.02035   0.05054   0.01475   0.03970   0.00838   0.01178   0.01840   1.03666   0.17984   0.25841   0.41152   0.37819   0.79146  
 43 46.7135   6421.282591  x:  0.00651   0.00248   0.00049   0.00550   0.00700   0.00209   0.01246   0.02387   0.01355   0.03035   0.00061   0.01234   0.00263   0.00409   0.00593   0.00308   0.00527   0.00120   0.00118   0.01173   0.00489   0.00338   0.11245   0.00048   0.01073   0.00290   0.01470   0.01856   0.01893   0.02992   0.01107   0.02123   0.02088   0.05060   0.01496   0.03971   0.00838   0.01171   0.02037   0.98144   0.17695   0.25379   0.41578   0.37522   0.81930  
 44 2559.9267   6421.278106  x:  0.00651   0.00248   0.00049   0.00550   0.00700   0.00209   0.01246   0.02387   0.01357   0.03035   0.00061   0.01233   0.00263   0.00409   0.00593   0.00308   0.00527   0.00120   0.00118   0.01173   0.00489   0.00338   0.11244   0.00048   0.01073   0.00289   0.01469   0.01841   0.01924   0.02990   0.01107   0.02121   0.02085   0.05060   0.01496   0.03971   0.00839   0.01171   0.02029   0.98064   0.17681   0.25359   0.41513   0.37550   0.81895  
 45  6.6017   6421.160141  x:  0.00653   0.00249   0.00049   0.00550   0.00698   0.00210   0.01243   0.02384   0.01353   0.03029   0.00059   0.01233   0.00266   0.00410   0.00591   0.00306   0.00526   0.00120   0.00118   0.01174   0.00489   0.00340   0.11200   0.00048   0.01073   0.00290   0.01464   0.01850   0.01894   0.02977   0.01105   0.02125   0.02078   0.05059   0.01490   0.03962   0.00837   0.01169   0.02031   0.95950   0.17301   0.24797   0.39674   0.38321   0.80825  
 46 73.1484   6420.991407  x:  0.00656   0.00250   0.00048   0.00549   0.00694   0.00212   0.01240   0.02376   0.01350   0.03019   0.00055   0.01231   0.00268   0.00408   0.00586   0.00304   0.00527   0.00121   0.00119   0.01175   0.00489   0.00342   0.11118   0.00048   0.01066   0.00290   0.01454   0.01843   0.01885   0.02954   0.01103   0.02128   0.02057   0.05053   0.01479   0.03944   0.00836   0.01165   0.02022   0.93844   0.16614   0.23879   0.39261   0.36087   0.78217  
 47  5.2058   6412.396779  x:  0.00591   0.00162   0.00115   0.00505   0.00688   0.00088   0.01250   0.02423   0.01314   0.03007   0.00043   0.01158   0.00216   0.00355   0.00568   0.00300   0.00500   0.00114   0.00117   0.01043   0.00460   0.00222   0.12815   0.00013   0.00423   0.00208   0.01446   0.01865   0.01872   0.03084   0.01129   0.01961   0.02123   0.04883   0.01553   0.03936   0.00813   0.01148   0.01948   0.81772   0.19281   0.24862   0.35235   0.32412   0.61486  
 48  0.6718   6409.879929  x:  0.00619   0.00184   0.00113   0.00541   0.00712   0.00105   0.01266   0.02434   0.01304   0.03033   0.00093   0.01202   0.00202   0.00396   0.00597   0.00316   0.00486   0.00118   0.00120   0.01044   0.00434   0.00237   0.13316   0.00000   0.00159   0.00236   0.01483   0.01879   0.01891   0.03104   0.01172   0.01995   0.02151   0.05100   0.01627   0.03936   0.00820   0.01171   0.01992   0.83153   0.19537   0.25148   0.36035   0.33225   0.60425  
 49  0.0459   6409.270519  x:  0.00644   0.00189   0.00124   0.00541   0.00702   0.00121   0.01269   0.02429   0.01310   0.03059   0.00091   0.01217   0.00234   0.00399   0.00597   0.00312   0.00500   0.00123   0.00125   0.01073   0.00452   0.00252   0.13389   0.00000   0.00078   0.00248   0.01477   0.01886   0.01902   0.03105   0.01176   0.02010   0.02166   0.05118   0.01623   0.03937   0.00835   0.01177   0.02012   0.85674   0.19318   0.25310   0.37122   0.34336   0.63995  
 50  0.1170   6409.255196  x:  0.00644   0.00189   0.00125   0.00541   0.00701   0.00121   0.01269   0.02429   0.01310   0.03060   0.00091   0.01218   0.00235   0.00399   0.00597   0.00312   0.00500   0.00123   0.00125   0.01074   0.00452   0.00253   0.13391   0.00030   0.00076   0.00248   0.01477   0.01886   0.01903   0.03105   0.01176   0.02010   0.02166   0.05118   0.01622   0.03937   0.00836   0.01177   0.02013   0.85744   0.19312   0.25314   0.37152   0.34367   0.64094  
 51 460.4130   6409.091836  x:  0.00654   0.00197   0.00125   0.00546   0.00703   0.00133   0.01269   0.02427   0.01308   0.03066   0.00093   0.01226   0.00243   0.00404   0.00601   0.00313   0.00505   0.00126   0.00128   0.01086   0.00459   0.00264   0.13363   0.00000   0.00102   0.00257   0.01480   0.01884   0.01904   0.03100   0.01176   0.02021   0.02163   0.05128   0.01622   0.03938   0.00839   0.01180   0.02020   0.86558   0.19206   0.25339   0.37436   0.34671   0.64716  
 52  0.0829   6409.091836  x:  0.00654   0.00197   0.00125   0.00546   0.00703   0.00133   0.01269   0.02427   0.01308   0.03066   0.00093   0.01226   0.00243   0.00404   0.00601   0.00313   0.00505   0.00126   0.00128   0.01086   0.00459   0.00264   0.13363   0.00000   0.00102   0.00257   0.01480   0.01884   0.01904   0.03100   0.01176   0.02021   0.02163   0.05128   0.01622   0.03938   0.00839   0.01180   0.02020   0.86558   0.19206   0.25339   0.37436   0.34671   0.64716  
 53  0.0197   6408.996999  x:  0.00657   0.00206   0.00132   0.00548   0.00704   0.00141   0.01269   0.02427   0.01307   0.03066   0.00135   0.01228   0.00249   0.00408   0.00601   0.00314   0.00508   0.00137   0.00138   0.01088   0.00465   0.00273   0.13361   0.00002   0.00111   0.00263   0.01479   0.01883   0.01904   0.03099   0.01176   0.02022   0.02162   0.05127   0.01622   0.03938   0.00840   0.01180   0.02021   0.86558   0.19205   0.25339   0.37436   0.34671   0.64716  
 54 579.2912   6408.969426  x:  0.00665   0.00215   0.00128   0.00551   0.00706   0.00154   0.01268   0.02426   0.01307   0.03067   0.00134   0.01232   0.00257   0.00415   0.00599   0.00313   0.00514   0.00133   0.00134   0.01094   0.00477   0.00281   0.13357   0.00023   0.00112   0.00276   0.01477   0.01881   0.01904   0.03098   0.01176   0.02025   0.02160   0.05124   0.01621   0.03937   0.00842   0.01180   0.02022   0.86559   0.19203   0.25338   0.37436   0.34671   0.64716  
 55 156.2749   6408.964301  x:  0.00670   0.00212   0.00132   0.00552   0.00706   0.00154   0.01268   0.02426   0.01307   0.03068   0.00132   0.01235   0.00257   0.00417   0.00598   0.00313   0.00517   0.00138   0.00138   0.01099   0.00482   0.00281   0.13353   0.00027   0.00109   0.00278   0.01475   0.01881   0.01904   0.03096   0.01176   0.02027   0.02158   0.05121   0.01618   0.03937   0.00843   0.01181   0.02023   0.86559   0.19201   0.25338   0.37437   0.34672   0.64716  
 56 76.6088   6408.959778  x:  0.00676   0.00207   0.00131   0.00554   0.00705   0.00151   0.01266   0.02425   0.01306   0.03070   0.00135   0.01241   0.00254   0.00418   0.00598   0.00314   0.00519   0.00135   0.00136   0.01108   0.00486   0.00279   0.13344   0.00028   0.00109   0.00278   0.01472   0.01879   0.01904   0.03093   0.01177   0.02033   0.02155   0.05114   0.01609   0.03937   0.00845   0.01182   0.02025   0.86560   0.19197   0.25336   0.37437   0.34672   0.64716  
 57 64.4473   6408.955579  x:  0.00679   0.00213   0.00130   0.00554   0.00704   0.00150   0.01265   0.02423   0.01306   0.03073   0.00133   0.01247   0.00253   0.00417   0.00598   0.00313   0.00519   0.00137   0.00137   0.01116   0.00484   0.00278   0.13330   0.00027   0.00112   0.00276   0.01468   0.01877   0.01904   0.03088   0.01177   0.02039   0.02151   0.05105   0.01597   0.03937   0.00847   0.01183   0.02027   0.86561   0.19191   0.25334   0.37437   0.34673   0.64716  
 58 74.1311   6408.952199  x:  0.00675   0.00213   0.00132   0.00552   0.00705   0.00153   0.01264   0.02422   0.01306   0.03075   0.00134   0.01249   0.00256   0.00415   0.00598   0.00313   0.00517   0.00135   0.00136   0.01118   0.00479   0.00281   0.13312   0.00028   0.00109   0.00276   0.01465   0.01875   0.01904   0.03083   0.01178   0.02045   0.02148   0.05095   0.01587   0.03937   0.00848   0.01184   0.02029   0.86563   0.19182   0.25332   0.37438   0.34674   0.64716  
 59 63.9014   6408.949431  x:  0.00670   0.00209   0.00129   0.00551   0.00706   0.00154   0.01264   0.02421   0.01305   0.03078   0.00134   0.01248   0.00256   0.00414   0.00599   0.00313   0.00516   0.00137   0.00137   0.01116   0.00477   0.00281   0.13293   0.00032   0.00111   0.00277   0.01463   0.01874   0.01904   0.03080   0.01178   0.02048   0.02145   0.05085   0.01581   0.03936   0.00848   0.01183   0.02030   0.86565   0.19173   0.25329   0.37438   0.34675   0.64717  
 60 82.6118   6408.945233  x:  0.00664   0.00211   0.00133   0.00550   0.00705   0.00151   0.01264   0.02420   0.01304   0.03081   0.00135   0.01243   0.00254   0.00416   0.00598   0.00313   0.00515   0.00136   0.00136   0.01108   0.00479   0.00278   0.13259   0.00037   0.00113   0.00279   0.01463   0.01873   0.01904   0.03074   0.01177   0.02050   0.02142   0.05069   0.01576   0.03936   0.00846   0.01182   0.02030   0.86569   0.19157   0.25324   0.37440   0.34677   0.64717  
 61 102.8800   6408.941593  x:  0.00665   0.00214   0.00130   0.00551   0.00705   0.00149   0.01264   0.02419   0.01303   0.03082   0.00135   0.01238   0.00253   0.00418   0.00597   0.00313   0.00515   0.00136   0.00137   0.01101   0.00483   0.00278   0.13226   0.00036   0.00108   0.00278   0.01463   0.01873   0.01903   0.03070   0.01177   0.02050   0.02140   0.05055   0.01574   0.03935   0.00844   0.01181   0.02029   0.86572   0.19140   0.25319   0.37441   0.34679   0.64717  
 62 132.1498   6408.937227  x:  0.00672   0.00210   0.00131   0.00553   0.00705   0.00152   0.01264   0.02417   0.01302   0.03083   0.00133   0.01234   0.00256   0.00418   0.00596   0.00312   0.00518   0.00136   0.00137   0.01096   0.00484   0.00282   0.13183   0.00031   0.00112   0.00275   0.01465   0.01873   0.01902   0.03067   0.01175   0.02045   0.02140   0.05041   0.01576   0.03933   0.00842   0.01179   0.02026   0.86577   0.19117   0.25312   0.37443   0.34682   0.64718  
 63 118.5347   6408.932700  x:  0.00678   0.00211   0.00131   0.00551   0.00704   0.00152   0.01263   0.02416   0.01301   0.03080   0.00135   0.01235   0.00254   0.00412   0.00596   0.00313   0.00516   0.00136   0.00136   0.01101   0.00477   0.00277   0.13134   0.00034   0.00111   0.00277   0.01467   0.01873   0.01900   0.03068   0.01174   0.02036   0.02143   0.05032   0.01587   0.03930   0.00843   0.01178   0.02021   0.86583   0.19089   0.25303   0.37445   0.34685   0.64719  
 64 79.9033   6408.930300  x:  0.00672   0.00211   0.00131   0.00550   0.00704   0.00149   0.01262   0.02416   0.01301   0.03076   0.00134   0.01238   0.00254   0.00415   0.00597   0.00313   0.00516   0.00134   0.00138   0.01108   0.00479   0.00281   0.13106   0.00032   0.00111   0.00277   0.01467   0.01873   0.01899   0.03070   0.01174   0.02031   0.02144   0.05032   0.01593   0.03928   0.00843   0.01179   0.02019   0.86587   0.19071   0.25297   0.37446   0.34688   0.64719  
 65 62.3203   6408.929566  x:  0.00670   0.00211   0.00131   0.00550   0.00704   0.00150   0.01262   0.02416   0.01302   0.03074   0.00134   0.01239   0.00254   0.00416   0.00597   0.00313   0.00516   0.00137   0.00136   0.01109   0.00480   0.00280   0.13098   0.00031   0.00111   0.00277   0.01467   0.01872   0.01898   0.03071   0.01174   0.02030   0.02145   0.05034   0.01594   0.03927   0.00843   0.01179   0.02019   0.86589   0.19065   0.25295   0.37447   0.34688   0.64720  
 66 68.4459   6408.928578  x:  0.00668   0.00211   0.00131   0.00551   0.00705   0.00153   0.01262   0.02416   0.01303   0.03071   0.00134   0.01241   0.00254   0.00416   0.00597   0.00313   0.00516   0.00136   0.00137   0.01109   0.00482   0.00277   0.13087   0.00030   0.00111   0.00276   0.01465   0.01872   0.01898   0.03074   0.01175   0.02030   0.02146   0.05040   0.01594   0.03926   0.00843   0.01180   0.02019   0.86592   0.19054   0.25292   0.37448   0.34690   0.64720  
 67 37.8826   6408.925919  x:  0.00670   0.00211   0.00131   0.00554   0.00705   0.00151   0.01262   0.02417   0.01309   0.03061   0.00134   0.01243   0.00254   0.00414   0.00596   0.00313   0.00517   0.00136   0.00137   0.01103   0.00480   0.00280   0.13059   0.00034   0.00111   0.00276   0.01461   0.01871   0.01899   0.03081   0.01176   0.02035   0.02146   0.05064   0.01588   0.03924   0.00843   0.01181   0.02023   0.86600   0.19018   0.25280   0.37451   0.34695   0.64722  
 68 51.5926   6408.925273  x:  0.00672   0.00211   0.00131   0.00550   0.00704   0.00151   0.01262   0.02417   0.01310   0.03059   0.00134   0.01241   0.00255   0.00416   0.00597   0.00313   0.00516   0.00136   0.00137   0.01104   0.00480   0.00279   0.13054   0.00033   0.00111   0.00277   0.01462   0.01871   0.01900   0.03081   0.01175   0.02036   0.02145   0.05071   0.01586   0.03924   0.00843   0.01180   0.02023   0.86603   0.19006   0.25277   0.37453   0.34696   0.64723  
 69 26.1298   6408.924667  x:  0.00672   0.00211   0.00131   0.00549   0.00704   0.00152   0.01263   0.02417   0.01310   0.03060   0.00134   0.01237   0.00252   0.00416   0.00598   0.00313   0.00515   0.00136   0.00137   0.01106   0.00481   0.00280   0.13052   0.00034   0.00111   0.00276   0.01465   0.01872   0.01900   0.03079   0.01174   0.02037   0.02144   0.05076   0.01585   0.03925   0.00844   0.01179   0.02023   0.86607   0.18991   0.25272   0.37454   0.34698   0.64724  
 70 20.7436   6408.923557  x:  0.00670   0.00211   0.00131   0.00552   0.00703   0.00151   0.01263   0.02417   0.01308   0.03063   0.00134   0.01233   0.00255   0.00414   0.00597   0.00313   0.00516   0.00136   0.00137   0.01110   0.00481   0.00279   0.13053   0.00035   0.00111   0.00276   0.01470   0.01874   0.01900   0.03075   0.01171   0.02038   0.02142   0.05083   0.01584   0.03927   0.00844   0.01177   0.02022   0.86615   0.18960   0.25261   0.37458   0.34703   0.64726  
 71 42.2754   6408.921377  x:  0.00669   0.00211   0.00131   0.00553   0.00706   0.00151   0.01262   0.02417   0.01304   0.03071   0.00134   0.01237   0.00253   0.00415   0.00595   0.00312   0.00520   0.00136   0.00137   0.01108   0.00478   0.00280   0.13060   0.00032   0.00111   0.00281   0.01472   0.01875   0.01900   0.03066   0.01172   0.02037   0.02140   0.05089   0.01585   0.03932   0.00844   0.01179   0.02020   0.86633   0.18891   0.25238   0.37466   0.34712   0.64732  
 72 42.6268   6408.918136  x:  0.00671   0.00211   0.00131   0.00550   0.00709   0.00150   0.01262   0.02417   0.01300   0.03082   0.00134   0.01245   0.00254   0.00416   0.00597   0.00314   0.00517   0.00136   0.00137   0.01103   0.00480   0.00279   0.13075   0.00034   0.00111   0.00275   0.01469   0.01875   0.01899   0.03058   0.01175   0.02035   0.02140   0.05093   0.01589   0.03937   0.00844   0.01182   0.02018   0.86660   0.18787   0.25203   0.37478   0.34727   0.64740  
 73 121.4075   6408.915935  x:  0.00672   0.00211   0.00131   0.00552   0.00702   0.00151   0.01263   0.02417   0.01301   0.03084   0.00134   0.01243   0.00255   0.00414   0.00598   0.00311   0.00512   0.00136   0.00137   0.01104   0.00482   0.00279   0.13088   0.00032   0.00111   0.00279   0.01463   0.01873   0.01899   0.03062   0.01176   0.02035   0.02144   0.05088   0.01591   0.03937   0.00843   0.01181   0.02021   0.86680   0.18712   0.25178   0.37486   0.34738   0.64746  
 74 68.0109   6408.913882  x:  0.00671   0.00211   0.00131   0.00553   0.00700   0.00152   0.01264   0.02418   0.01304   0.03082   0.00134   0.01239   0.00254   0.00416   0.00597   0.00316   0.00516   0.00136   0.00137   0.01106   0.00480   0.00279   0.13102   0.00032   0.00111   0.00278   0.01460   0.01872   0.01900   0.03071   0.01176   0.02036   0.02147   0.05080   0.01591   0.03935   0.00843   0.01180   0.02024   0.86700   0.18643   0.25154   0.37494   0.34748   0.64752  
 75 102.3614   6408.913078  x:  0.00671   0.00211   0.00131   0.00551   0.00703   0.00151   0.01264   0.02418   0.01306   0.03079   0.00134   0.01238   0.00254   0.00415   0.00596   0.00312   0.00518   0.00136   0.00137   0.01107   0.00480   0.00279   0.13108   0.00033   0.00111   0.00276   0.01460   0.01872   0.01901   0.03076   0.01175   0.02036   0.02148   0.05076   0.01590   0.03933   0.00844   0.01179   0.02025   0.86708   0.18615   0.25144   0.37498   0.34752   0.64755  
 76 66.8273   6408.912591  x:  0.00671   0.00211   0.00131   0.00551   0.00707   0.00150   0.01263   0.02418   0.01306   0.03075   0.00134   0.01239   0.00254   0.00414   0.00597   0.00314   0.00517   0.00136   0.00137   0.01107   0.00481   0.00279   0.13112   0.00033   0.00111   0.00278   0.01464   0.01873   0.01901   0.03079   0.01175   0.02037   0.02147   0.05072   0.01589   0.03931   0.00844   0.01179   0.02025   0.86713   0.18599   0.25138   0.37500   0.34754   0.64756  
 77 31.8568   6408.912414  x:  0.00671   0.00211   0.00131   0.00552   0.00706   0.00151   0.01263   0.02418   0.01306   0.03072   0.00134   0.01240   0.00254   0.00416   0.00597   0.00314   0.00516   0.00136   0.00137   0.01106   0.00480   0.00279   0.13113   0.00033   0.00111   0.00277   0.01466   0.01874   0.01901   0.03080   0.01175   0.02037   0.02146   0.05071   0.01588   0.03930   0.00844   0.01180   0.02024   0.86715   0.18594   0.25135   0.37500   0.34755   0.64757  
 78 11.8645   6408.912376  x:  0.00671   0.00211   0.00131   0.00551   0.00705   0.00151   0.01263   0.02418   0.01306   0.03070   0.00134   0.01240   0.00254   0.00415   0.00597   0.00314   0.00516   0.00136   0.00137   0.01106   0.00480   0.00279   0.13114   0.00033   0.00111   0.00277   0.01467   0.01874   0.01901   0.03079   0.01175   0.02037   0.02145   0.05070   0.01588   0.03930   0.00844   0.01180   0.02023   0.86716   0.18592   0.25134   0.37501   0.34756   0.64757  
 79  5.4127   6408.912346  x:  0.00671   0.00211   0.00131   0.00551   0.00705   0.00151   0.01263   0.02418   0.01307   0.03068   0.00134   0.01240   0.00254   0.00415   0.00597   0.00314   0.00516   0.00136   0.00137   0.01106   0.00480   0.00279   0.13114   0.00033   0.00111   0.00277   0.01465   0.01874   0.01901   0.03078   0.01175   0.02037   0.02144   0.05070   0.01588   0.03929   0.00844   0.01180   0.02023   0.86719   0.18592   0.25132   0.37501   0.34756   0.64758  
 80  2.7174   6408.912310  x:  0.00671   0.00211   0.00131   0.00551   0.00705   0.00151   0.01262   0.02418   0.01308   0.03067   0.00134   0.01240   0.00254   0.00415   0.00596   0.00314   0.00516   0.00136   0.00137   0.01106   0.00480   0.00279   0.13114   0.00033   0.00111   0.00277   0.01466   0.01873   0.01901   0.03076   0.01174   0.02037   0.02145   0.05070   0.01588   0.03928   0.00845   0.01180   0.02024   0.86724   0.18593   0.25129   0.37502   0.34758   0.64760  
 81  1.8738   6408.912206  x:  0.00671   0.00211   0.00131   0.00552   0.00705   0.00151   0.01262   0.02417   0.01308   0.03067   0.00134   0.01240   0.00254   0.00415   0.00599   0.00314   0.00517   0.00136   0.00137   0.01106   0.00480   0.00279   0.13114   0.00033   0.00111   0.00277   0.01466   0.01872   0.01902   0.03075   0.01173   0.02036   0.02147   0.05070   0.01588   0.03928   0.00844   0.01180   0.02025   0.86737   0.18597   0.25119   0.37504   0.34761   0.64765  
 82  8.8690   6408.911795  x:  0.00671   0.00211   0.00131   0.00551   0.00705   0.00151   0.01264   0.02417   0.01308   0.03067   0.00134   0.01240   0.00254   0.00415   0.00597   0.00314   0.00516   0.00136   0.00137   0.01107   0.00480   0.00279   0.13114   0.00033   0.00111   0.00277   0.01468   0.01873   0.01903   0.03074   0.01177   0.02037   0.02149   0.05070   0.01588   0.03926   0.00841   0.01179   0.02026   0.86796   0.18615   0.25076   0.37513   0.34775   0.64787  
 83 18.8228   6408.911193  x:  0.00671   0.00211   0.00131   0.00552   0.00705   0.00151   0.01264   0.02418   0.01307   0.03069   0.00134   0.01240   0.00254   0.00415   0.00598   0.00314   0.00517   0.00136   0.00137   0.01106   0.00480   0.00279   0.13113   0.00033   0.00111   0.00277   0.01466   0.01875   0.01902   0.03077   0.01176   0.02037   0.02147   0.05070   0.01588   0.03927   0.00846   0.01180   0.02024   0.86885   0.18643   0.25011   0.37526   0.34796   0.64820  
 84 48.2731   6408.911154  x:  0.00671   0.00211   0.00131   0.00552   0.00705   0.00151   0.01263   0.02418   0.01307   0.03069   0.00134   0.01240   0.00254   0.00415   0.00597   0.00314   0.00517   0.00136   0.00137   0.01106   0.00480   0.00279   0.13113   0.00033   0.00111   0.00277   0.01466   0.01874   0.01901   0.03078   0.01175   0.02037   0.02146   0.05071   0.01588   0.03928   0.00844   0.01180   0.02023   0.86893   0.18645   0.25007   0.37527   0.34797   0.64823  
 85 11.2769   6408.911122  x:  0.00671   0.00211   0.00131   0.00552   0.00705   0.00151   0.01263   0.02418   0.01307   0.03069   0.00134   0.01240   0.00254   0.00415   0.00597   0.00314   0.00517   0.00136   0.00137   0.01106   0.00480   0.00279   0.13113   0.00033   0.00111   0.00277   0.01466   0.01873   0.01901   0.03078   0.01175   0.02036   0.02145   0.05070   0.01588   0.03930   0.00844   0.01180   0.02024   0.86900   0.18646   0.25007   0.37528   0.34799   0.64826  
 86  1.8356   6408.910955  x:  0.00671   0.00211   0.00131   0.00552   0.00705   0.00151   0.01262   0.02417   0.01307   0.03066   0.00134   0.01240   0.00254   0.00415   0.00598   0.00314   0.00517   0.00136   0.00137   0.01106   0.00480   0.00279   0.13112   0.00033   0.00111   0.00277   0.01465   0.01876   0.01902   0.03078   0.01176   0.02038   0.02147   0.05069   0.01588   0.03937   0.00844   0.01181   0.02024   0.86940   0.18650   0.25018   0.37534   0.34806   0.64840  
 87  3.3918   6408.910375  x:  0.00671   0.00211   0.00131   0.00552   0.00705   0.00151   0.01267   0.02421   0.01310   0.03066   0.00134   0.01242   0.00254   0.00415   0.00598   0.00314   0.00516   0.00136   0.00137   0.01106   0.00480   0.00279   0.13110   0.00033   0.00111   0.00277   0.01466   0.01876   0.01901   0.03077   0.01173   0.02039   0.02148   0.05069   0.01588   0.03937   0.00845   0.01177   0.02022   0.87094   0.18662   0.25065   0.37558   0.34834   0.64896  
 88 16.0671   6408.909513  x:  0.00671   0.00211   0.00131   0.00552   0.00705   0.00151   0.01263   0.02423   0.01310   0.03068   0.00134   0.01240   0.00254   0.00415   0.00598   0.00314   0.00517   0.00136   0.00137   0.01107   0.00480   0.00279   0.13108   0.00033   0.00111   0.00277   0.01467   0.01873   0.01900   0.03077   0.01176   0.02038   0.02146   0.05069   0.01588   0.03931   0.00844   0.01181   0.02023   0.87327   0.18680   0.25138   0.37595   0.34877   0.64981  
 89 95.1677   6408.909412  x:  0.00671   0.00211   0.00131   0.00552   0.00705   0.00151   0.01263   0.02419   0.01307   0.03068   0.00134   0.01240   0.00254   0.00415   0.00598   0.00314   0.00517   0.00136   0.00137   0.01106   0.00480   0.00279   0.13108   0.00033   0.00111   0.00277   0.01466   0.01874   0.01901   0.03078   0.01175   0.02037   0.02146   0.05069   0.01588   0.03930   0.00844   0.01180   0.02024   0.87358   0.18683   0.25147   0.37600   0.34883   0.64992  
 90 22.5173   6408.909408  x:  0.00671   0.00211   0.00131   0.00552   0.00705   0.00151   0.01263   0.02418   0.01308   0.03068   0.00134   0.01240   0.00254   0.00415   0.00598   0.00314   0.00517   0.00136   0.00137   0.01106   0.00480   0.00279   0.13108   0.00033   0.00111   0.00277   0.01466   0.01874   0.01901   0.03078   0.01175   0.02037   0.02146   0.05070   0.01588   0.03929   0.00844   0.01180   0.02023   0.87359   0.18683   0.25147   0.37600   0.34883   0.64992  
 91  0.8690   6408.909408  x:  0.00671   0.00211   0.00131   0.00552   0.00705   0.00151   0.01263   0.02418   0.01308   0.03068   0.00134   0.01240   0.00254   0.00415   0.00598   0.00314   0.00517   0.00136   0.00137   0.01106   0.00480   0.00279   0.13108   0.00033   0.00111   0.00277   0.01466   0.01874   0.01901   0.03078   0.01175   0.02037   0.02146   0.05070   0.01588   0.03929   0.00844   0.01180   0.02023   0.87359   0.18683   0.25147   0.37601   0.34883   0.64992  
 92  4.1904   6408.909405  x:  0.00671   0.00211   0.00131   0.00552   0.00705   0.00151   0.01263   0.02418   0.01308   0.03068   0.00134   0.01240   0.00254   0.00415   0.00598   0.00314   0.00517   0.00136   0.00137   0.01106   0.00480   0.00279   0.13108   0.00033   0.00111   0.00277   0.01466   0.01874   0.01901   0.03078   0.01175   0.02037   0.02146   0.05070   0.01588   0.03929   0.00844   0.01180   0.02023   0.87359   0.18683   0.25148   0.37602   0.34883   0.64991  
 93  0.3674   6408.909337  x:  0.00671   0.00211   0.00131   0.00552   0.00705   0.00151   0.01264   0.02419   0.01308   0.03068   0.00134   0.01240   0.00254   0.00415   0.00598   0.00314   0.00517   0.00136   0.00137   0.01106   0.00480   0.00279   0.13107   0.00034   0.00111   0.00277   0.01466   0.01874   0.01901   0.03078   0.01175   0.02035   0.02146   0.05069   0.01587   0.03929   0.00844   0.01181   0.02023   0.87374   0.18688   0.25153   0.37647   0.34897   0.64975  
 94  1.5533   6408.909327  x:  0.00671   0.00211   0.00131   0.00552   0.00705   0.00151   0.01264   0.02419   0.01309   0.03068   0.00134   0.01240   0.00254   0.00415   0.00598   0.00314   0.00517   0.00136   0.00137   0.01106   0.00480   0.00279   0.13107   0.00033   0.00111   0.00277   0.01466   0.01875   0.01902   0.03078   0.01175   0.02036   0.02145   0.05069   0.01587   0.03929   0.00844   0.01181   0.02024   0.87376   0.18689   0.25154   0.37652   0.34899   0.64973  
 95  2.8452   6408.909323  x:  0.00671   0.00211   0.00131   0.00552   0.00705   0.00151   0.01264   0.02419   0.01308   0.03068   0.00134   0.01240   0.00254   0.00415   0.00598   0.00314   0.00517   0.00136   0.00137   0.01106   0.00480   0.00279   0.13107   0.00033   0.00111   0.00277   0.01466   0.01875   0.01901   0.03078   0.01175   0.02036   0.02145   0.05069   0.01588   0.03929   0.00844   0.01181   0.02024   0.87376   0.18689   0.25154   0.37652   0.34901   0.64971  
 96  0.0492   6408.909293  x:  0.00671   0.00211   0.00131   0.00552   0.00705   0.00151   0.01263   0.02418   0.01308   0.03068   0.00134   0.01240   0.00254   0.00415   0.00598   0.00314   0.00517   0.00136   0.00137   0.01106   0.00480   0.00279   0.13107   0.00033   0.00111   0.00277   0.01466   0.01874   0.01901   0.03078   0.01175   0.02037   0.02145   0.05069   0.01588   0.03929   0.00844   0.01180   0.02024   0.87386   0.18692   0.25158   0.37655   0.34928   0.64949  
 97  2.1563   6408.909195  x:  0.00671   0.00211   0.00131   0.00552   0.00705   0.00151   0.01263   0.02418   0.01308   0.03068   0.00134   0.01240   0.00254   0.00415   0.00598   0.00314   0.00517   0.00136   0.00137   0.01106   0.00480   0.00279   0.13109   0.00033   0.00111   0.00277   0.01466   0.01874   0.01901   0.03078   0.01175   0.02037   0.02145   0.05069   0.01588   0.03929   0.00844   0.01180   0.02024   0.87433   0.18692   0.25159   0.37648   0.34908   0.64863  
 98  0.1248   6408.908942  x:  0.00671   0.00211   0.00131   0.00552   0.00705   0.00151   0.01262   0.02417   0.01307   0.03068   0.00133   0.01240   0.00254   0.00415   0.00598   0.00314   0.00517   0.00136   0.00137   0.01106   0.00480   0.00279   0.13108   0.00033   0.00111   0.00277   0.01467   0.01872   0.01899   0.03078   0.01175   0.02040   0.02147   0.05070   0.01589   0.03930   0.00844   0.01179   0.02023   0.87436   0.18692   0.25159   0.37696   0.34859   0.64886  
 99  0.0376   6408.906389  x:  0.00671   0.00211   0.00133   0.00552   0.00705   0.00151   0.01264   0.02419   0.01309   0.03068   0.00127   0.01240   0.00254   0.00415   0.00598   0.00315   0.00516   0.00137   0.00138   0.01106   0.00480   0.00279   0.13109   0.00036   0.00112   0.00276   0.01467   0.01875   0.01902   0.03079   0.01176   0.02037   0.02146   0.05071   0.01585   0.03931   0.00844   0.01181   0.02024   0.87383   0.18689   0.25156   0.37648   0.34906   0.64960  
100  0.0483   6408.906374  x:  0.00671   0.00211   0.00133   0.00552   0.00705   0.00151   0.01264   0.02419   0.01309   0.03068   0.00127   0.01240   0.00254   0.00415   0.00598   0.00315   0.00516   0.00137   0.00138   0.01106   0.00480   0.00279   0.13109   0.00037   0.00112   0.00276   0.01467   0.01875   0.01902   0.03079   0.01176   0.02037   0.02146   0.05071   0.01584   0.03931   0.00844   0.01181   0.02024   0.87383   0.18688   0.25156   0.37648   0.34906   0.64960  
101  0.0000   6408.906374  x:  0.00671   0.00211   0.00133   0.00552   0.00705   0.00151   0.01264   0.02419   0.01309   0.03068   0.00127   0.01240   0.00254   0.00415   0.00598   0.00315   0.00516   0.00137   0.00138   0.01106   0.00480   0.00279   0.13108   0.00037   0.00112   0.00276   0.01467   0.01875   0.01902   0.03079   0.01176   0.02037   0.02146   0.05071   0.01584   0.03931   0.00844   0.01181   0.02024   0.87383   0.18688   0.25156   0.37648   0.34906   0.64960  