   20
Human      0.000000 0.008698 0.013426 0.027152 0.039092 0.071844 0.068852
 0.069581 0.069615 0.070365 0.056303 0.058494 0.158986 0.159659 0.179603
 0.165549 0.154777 0.176024 0.161351 0.165700
Chimp      0.008698 0.000000 0.008690 0.023674 0.035535 0.068856 0.065879
 0.066605 0.066637 0.066655 0.053392 0.055573 0.156361 0.157851 0.174363
 0.163721 0.153806 0.169983 0.158717 0.164706
Gorilla    0.013426 0.008690 0.000000 0.025751 0.036260 0.071105 0.068116
 0.067386 0.067419 0.068895 0.055580 0.057769 0.161455 0.162950 0.179586
 0.167195 0.157235 0.176008 0.161336 0.167349
Orangutan  0.027152 0.023674 0.025751 0.000000 0.034906 0.072657 0.069658
 0.069592 0.068894 0.068978 0.057801 0.061441 0.164153 0.163839 0.179660
 0.168260 0.159916 0.175413 0.159081 0.164423
Gibbon     0.039092 0.035535 0.036260 0.034906 0.000000 0.082438 0.079391
 0.080131 0.080909 0.080191 0.067345 0.069577 0.169753 0.170427 0.184571
 0.171369 0.164646 0.181785 0.167785 0.177418
Rhes_cDNA  0.071844 0.068856 0.071105 0.072657 0.082438 0.000000 0.008710
 0.015493 0.015486 0.023032 0.025791 0.026497 0.183729 0.186957 0.204450
 0.187919 0.180209 0.203118 0.180644 0.186576
Baboon     0.068852 0.065879 0.068116 0.069658 0.079391 0.008710 0.000000
 0.012768 0.012762 0.020257 0.024393 0.025096 0.181823 0.185043 0.200730
 0.187053 0.178315 0.202011 0.178753 0.184659
AGM_cDNA   0.069581 0.066605 0.067386 0.069592 0.080131 0.015493 0.012768
 0.000000 0.002666 0.018213 0.023706 0.024408 0.176398 0.178930 0.199670
 0.181759 0.175612 0.198341 0.175395 0.178354
Tant_cDNA  0.069615 0.066637 0.067419 0.068894 0.080909 0.015486 0.012762
 0.002666 0.000000 0.018204 0.024403 0.025106 0.176495 0.179028 0.199782
 0.183560 0.176547 0.198453 0.174469 0.177612
Patas      0.070365 0.066655 0.068895 0.068978 0.080191 0.023032 0.020257
 0.018213 0.018204 0.000000 0.027140 0.027847 0.184364 0.186920 0.206162
 0.191311 0.182531 0.201326 0.180609 0.189104
Colobus    0.056303 0.053392 0.055580 0.057801 0.067345 0.025791 0.024393
 0.023706 0.024403 0.027140 0.000000 0.008691 0.167731 0.170066 0.188803
 0.171844 0.164131 0.187516 0.164918 0.172165
DLangur    0.058494 0.055573 0.057769 0.061441 0.069577 0.026497 0.025096
 0.024408 0.025106 0.027847 0.008691 0.000000 0.172043 0.174386 0.190660
 0.174493 0.168417 0.190227 0.169208 0.174818
PMarmoset  0.158986 0.156361 0.161455 0.164153 0.169753 0.183729 0.181823
 0.176398 0.176495 0.184364 0.167731 0.172043 0.000000 0.035643 0.077065
 0.063002 0.059320 0.085503 0.066731 0.077141
Tamarin    0.159659 0.157851 0.162950 0.163839 0.170427 0.186957 0.185043
 0.178930 0.179028 0.186920 0.170066 0.174386 0.035643 0.000000 0.075530
 0.062955 0.059993 0.085514 0.067467 0.074935
Squirrel   0.179603 0.174363 0.179586 0.179660 0.184571 0.204450 0.200730
 0.199670 0.199782 0.206162 0.188803 0.190660 0.077065 0.075530 0.000000
 0.078372 0.076885 0.097568 0.078490 0.085333
Titi       0.165549 0.163721 0.167195 0.168260 0.171369 0.187919 0.187053
 0.181759 0.183560 0.191311 0.171844 0.174493 0.063002 0.062955 0.078372
 0.000000 0.040371 0.078576 0.063637 0.068856
Saki       0.154777 0.153806 0.157235 0.159916 0.164646 0.180209 0.178315
 0.175612 0.176547 0.182531 0.164131 0.168417 0.059320 0.059993 0.076885
 0.040371 0.000000 0.083734 0.066518 0.072491
Howler     0.176024 0.169983 0.176008 0.175413 0.181785 0.203118 0.202011
 0.198341 0.198453 0.201326 0.187516 0.190227 0.085503 0.085514 0.097568
 0.078576 0.083734 0.000000 0.056921 0.065684
Spider     0.161351 0.158717 0.161336 0.159081 0.167785 0.180644 0.178753
 0.175395 0.174469 0.180609 0.164918 0.169208 0.066731 0.067467 0.078490
 0.063637 0.066518 0.056921 0.000000 0.030625
Woolly     0.165700 0.164706 0.167349 0.164423 0.177418 0.186576 0.184659
 0.178354 0.177612 0.189104 0.172165 0.174818 0.077141 0.074935 0.085333
 0.068856 0.072491 0.065684 0.030625 0.000000
